Voltage U1	Corriente IA
U1/V	IA/nA

0,02	0,32
0,04	0,31
0,07	0,32
0,09	0,31
0,12	0,29
0,14	0,29
0,17	0,29
0,19	0,28
0,21	0,27
0,24	0,26
0,26	0,27
0,29	0,26
0,31	0,25
0,34	0,25
0,36	0,25
0,39	0,25
0,41	0,24
0,43	0,23
0,46	0,23
0,48	0,24
0,51	0,23
0,53	0,23
0,56	0,24
0,58	0,24
0,61	0,24
0,63	0,23
0,65	0,24
0,68	0,24
0,70	0,24
0,73	0,23
0,75	0,24
0,78	0,24
0,80	0,24
0,83	0,24
0,85	0,24
0,87	0,24
0,90	0,23
0,92	0,23
0,95	0,23
0,97	0,23
1,00	0,23
1,02	0,24
1,05	0,24
1,07	0,24
1,09	0,24
1,12	0,25
1,14	0,25
1,17	0,25
1,19	0,25
1,22	0,25
1,24	0,26
1,26	0,26
1,29	0,25
1,31	0,26
1,34	0,27
1,36	0,26
1,39	0,26
1,41	0,26
1,44	0,27
1,46	0,27
1,48	0,26
1,51	0,28
1,53	0,29
1,56	0,28
1,58	0,28
1,61	0,28
1,63	0,29
1,66	0,28
1,68	0,27
1,70	0,28
1,73	0,28
1,75	0,28
1,78	0,27
1,80	0,29
1,83	0,29
1,85	0,28
1,88	0,27
1,90	0,28
1,92	0,29
1,95	0,28
1,97	0,28
2,00	0,29
2,02	0,30
2,05	0,30
2,07	0,30
2,10	0,31
2,12	0,31
2,14	0,31
2,17	0,30
2,19	0,32
2,22	0,33
2,24	0,33
2,27	0,33
2,29	0,34
2,31	0,35
2,34	0,35
2,36	0,35
2,39	0,36
2,41	0,37
2,44	0,36
2,46	0,37
2,49	0,38
2,51	0,39
2,53	0,40
2,56	0,40
2,58	0,41
2,61	0,42
2,63	0,41
2,66	0,42
2,68	0,42
2,71	0,42
2,73	0,43
2,75	0,44
2,78	0,46
2,80	0,46
2,83	0,46
2,85	0,46
2,88	0,47
2,90	0,46
2,93	0,46
2,95	0,47
2,97	0,49
3,00	0,49
3,02	0,48
3,05	0,50
3,07	0,50
3,10	0,50
3,12	0,50
3,15	0,51
3,17	0,52
3,19	0,52
3,22	0,52
3,24	0,54
3,27	0,55
3,29	0,54
3,32	0,54
3,34	0,56
3,36	0,57
3,39	0,56
3,41	0,56
3,44	0,57
3,46	0,58
3,49	0,57
3,51	0,58
3,54	0,59
3,56	0,60
3,58	0,59
3,61	0,59
3,63	0,60
3,66	0,61
3,68	0,61
3,71	0,61
3,73	0,63
3,76	0,64
3,78	0,63
3,80	0,63
3,83	0,64
3,85	0,65
3,88	0,64
3,90	0,64
3,93	0,65
3,95	0,67
3,98	0,67
4,00	0,66
4,02	0,68
4,05	0,68
4,07	0,68
4,10	0,67
4,12	0,68
4,15	0,69
4,17	0,69
4,20	0,69
4,22	0,71
4,24	0,71
4,27	0,72
4,29	0,72
4,32	0,72
4,34	0,73
4,37	0,72
4,39	0,73
4,42	0,74
4,44	0,74
4,46	0,74
4,49	0,75
4,51	0,76
4,54	0,76
4,56	0,76
4,59	0,76
4,61	0,77
4,63	0,77
4,66	0,77
4,68	0,78
4,71	0,79
4,73	0,79
4,76	0,79
4,78	0,80
4,81	0,81
4,83	0,80
4,85	0,80
4,88	0,81
4,90	0,82
4,93	0,82
4,95	0,82
4,98	0,84
5,00	0,85
5,03	0,84
5,05	0,84
5,07	0,85
5,10	0,86
5,12	0,86
5,15	0,86
5,17	0,88
5,20	0,88
5,22	0,88
5,25	0,88
5,27	0,89
5,29	0,89
5,32	0,88
5,34	0,87
5,37	0,89
5,39	0,90
5,42	0,90
5,44	0,90
5,47	0,91
5,49	0,92
5,51	0,92
5,54	0,91
5,56	0,93
5,59	0,93
5,61	0,92
5,64	0,93
5,66	0,94
5,68	0,95
5,71	0,94
5,73	0,94
5,76	0,95
5,78	0,96
5,81	0,96
5,83	0,95
5,86	0,96
5,88	0,97
5,90	0,97
5,93	0,97
5,95	0,98
5,98	0,99
6,00	0,99
6,03	0,99
6,05	0,99
6,08	1,00
6,10	0,99
6,12	1,00
6,15	1,01
6,17	1,01
6,20	1,01
6,22	1,02
6,25	1,02
6,27	1,02
6,30	1,02
6,32	1,02
6,34	1,04
6,37	1,04
6,39	1,05
6,42	1,05
6,44	1,06
6,47	1,05
6,49	1,05
6,52	1,06
6,54	1,07
6,56	1,06
6,59	1,07
6,61	1,07
6,64	1,08
6,66	1,07
6,69	1,07
6,71	1,09
6,73	1,10
6,76	1,08
6,78	1,08
6,81	1,10
6,83	1,10
6,86	1,10
6,88	1,10
6,91	1,12
6,93	1,12
6,95	1,11
6,98	1,11
7,00	1,12
7,03	1,13
7,05	1,11
7,08	1,12
7,10	1,14
7,13	1,14
7,15	1,14
7,17	1,14
7,20	1,15
7,22	1,16
7,25	1,15
7,27	1,14
7,30	1,16
7,32	1,16
7,35	1,16
7,37	1,16
7,39	1,18
7,42	1,19
7,44	1,18
7,47	1,18
7,49	1,19
7,52	1,20
7,54	1,19
7,57	1,20
7,59	1,21
7,61	1,22
7,64	1,22
7,66	1,23
7,69	1,24
7,71	1,24
7,74	1,24
7,76	1,23
7,78	1,25
7,81	1,26
7,83	1,25
7,86	1,26
7,88	1,28
7,91	1,27
7,93	1,28
7,96	1,28
7,98	1,29
8,00	1,29
8,03	1,29
8,05	1,30
8,08	1,31
8,10	1,31
8,13	1,31
8,15	1,32
8,18	1,33
8,20	1,32
8,22	1,32
8,25	1,33
8,27	1,34
8,30	1,33
8,32	1,34
8,35	1,35
8,37	1,36
8,40	1,36
8,42	1,36
8,44	1,37
8,47	1,37
8,49	1,36
8,52	1,37
8,54	1,38
8,57	1,38
8,59	1,38
8,62	1,38
8,64	1,40
8,66	1,40
8,69	1,39
8,71	1,40
8,74	1,41
8,76	1,41
8,79	1,41
8,81	1,41
8,84	1,43
8,86	1,43
8,88	1,42
8,91	1,43
8,93	1,44
8,96	1,44
8,98	1,43
9,01	1,43
9,03	1,45
9,05	1,45
9,08	1,44
9,10	1,45
9,13	1,46
9,15	1,47
9,18	1,46
9,20	1,46
9,23	1,47
9,25	1,47
9,27	1,47
9,30	1,47
9,32	1,48
9,35	1,49
9,37	1,48
9,40	1,49
9,42	1,50
9,45	1,50
9,47	1,50
9,49	1,51
9,52	1,52
9,54	1,53
9,57	1,52
9,59	1,53
9,62	1,55
9,64	1,55
9,67	1,54
9,69	1,55
9,71	1,55
9,74	1,56
9,76	1,55
9,79	1,56
9,81	1,57
9,84	1,57
9,86	1,58
9,89	1,59
9,91	1,59
9,93	1,59
9,96	1,59
9,98	1,60
10,01	1,61
10,03	1,60
10,06	1,61
10,08	1,62
10,10	1,63
10,13	1,62
10,15	1,62
10,18	1,63
10,20	1,63
10,23	1,63
10,25	1,64
10,28	1,65
10,30	1,65
10,32	1,65
10,35	1,65
10,37	1,67
10,40	1,67
10,42	1,65
10,45	1,66
10,47	1,67
10,50	1,68
10,52	1,67
10,54	1,68
10,57	1,69
10,59	1,69
10,62	1,69
10,64	1,69
10,67	1,70
10,69	1,71
10,72	1,70
10,74	1,70
10,76	1,73
10,79	1,73
10,81	1,72
10,84	1,73
10,86	1,74
10,89	1,74
10,91	1,73
10,94	1,73
10,96	1,75
10,98	1,75
11,01	1,75
11,03	1,75
11,06	1,76
11,08	1,77
11,11	1,76
11,13	1,76
11,15	1,77
11,18	1,77
11,20	1,77
11,23	1,78
11,25	1,79
11,28	1,79
11,30	1,78
11,33	1,79
11,35	1,80
11,37	1,80
11,40	1,79
11,42	1,79
11,45	1,80
11,47	1,81
11,50	1,81
11,52	1,81
11,55	1,82
11,57	1,82
11,59	1,82
11,62	1,82
11,64	1,82
11,67	1,82
11,69	1,83
11,72	1,84
11,74	1,84
11,77	1,83
11,79	1,84
11,81	1,85
11,84	1,85
11,86	1,85
11,89	1,85
11,91	1,86
11,94	1,87
11,96	1,86
11,99	1,87
12,01	1,88
12,03	1,89
12,06	1,88
12,08	1,89
12,11	1,90
12,13	1,89
12,16	1,89
12,18	1,90
12,21	1,91
12,23	1,92
12,25	1,91
12,28	1,91
12,30	1,94
12,33	1,94
12,35	1,93
12,38	1,93
12,40	1,95
12,42	1,95
12,45	1,95
12,47	1,95
12,50	1,97
12,52	1,97
12,55	1,96
12,57	1,96
12,60	1,97
12,62	1,97
12,64	1,96
12,67	1,97
12,69	1,99
12,72	1,99
12,74	1,98
12,77	1,99
12,79	2,00
12,82	2,00
12,84	1,99
12,86	1,99
12,89	2,01
12,91	2,00
12,94	2,00
12,96	2,01
12,99	2,01
13,01	2,02
13,04	2,01
13,06	2,02
13,08	2,03
13,11	2,03
13,13	2,02
13,16	2,04
13,18	2,04
13,21	2,04
13,23	2,04
13,26	2,05
13,28	2,06
13,30	2,05
13,33	2,05
13,35	2,06
13,38	2,06
13,40	2,06
13,43	2,07
13,45	2,08
13,47	2,08
13,50	2,08
13,52	2,08
13,55	2,09
13,57	2,09
13,60	2,08
13,62	2,09
13,65	2,10
13,67	2,10
13,69	2,09
13,72	2,10
13,74	2,11
13,77	2,11
13,79	2,11
13,82	2,11
13,84	2,13
13,87	2,13
13,89	2,13
13,91	2,14
13,94	2,15
13,96	2,16
13,99	2,15
14,01	2,15
14,04	2,16
14,06	2,16
14,09	2,15
14,11	2,16
14,13	2,17
14,16	2,17
14,18	2,17
14,21	2,17
14,23	2,19
14,26	2,19
14,28	2,18
14,31	2,19
14,33	2,20
14,35	2,20
14,38	2,19
14,40	2,20
14,43	2,21
14,45	2,21
14,48	2,20
14,50	2,21
14,52	2,22
14,55	2,21
14,57	2,20
14,60	2,21
14,62	2,23
14,65	2,22
14,67	2,22
14,70	2,24
14,72	2,24
14,74	2,25
14,77	2,24
14,79	2,24
14,82	2,25
14,84	2,24
14,87	2,24
14,89	2,25
14,92	2,25
14,94	2,26
14,96	2,25
14,99	2,26
15,01	2,26
15,04	2,25
15,06	2,25
15,09	2,26
15,11	2,26
15,14	2,27
15,16	2,26
15,18	2,27
15,21	2,28
15,23	2,27
15,26	2,27
15,28	2,27
15,31	2,27
15,33	2,26
15,36	2,26
15,38	2,27
15,40	2,27
15,43	2,26
15,45	2,27
15,48	2,27
15,50	2,26
15,53	2,25
15,55	2,25
15,57	2,25
15,60	2,25
15,62	2,24
15,65	2,24
15,67	2,24
15,70	2,23
15,72	2,22
15,75	2,22
15,77	2,22
15,79	2,21
15,82	2,20
15,84	2,20
15,87	2,20
15,89	2,20
15,92	2,18
15,94	2,18
15,97	2,18
15,99	2,17
16,01	2,15
16,04	2,15
16,06	2,16
16,09	2,15
16,11	2,13
16,14	2,13
16,16	2,14
16,19	2,13
16,21	2,11
16,23	2,11
16,26	2,11
16,28	2,10
16,31	2,09
16,33	2,09
16,36	2,09
16,38	2,08
16,41	2,07
16,43	2,07
16,45	2,06
16,48	2,05
16,50	2,03
16,53	2,03
16,55	2,03
16,58	2,02
16,60	2,00
16,63	2,00
16,65	1,99
16,67	1,98
16,70	1,97
16,72	1,96
16,75	1,96
16,77	1,94
16,80	1,93
16,82	1,93
16,84	1,92
16,87	1,91
16,89	1,89
16,92	1,88
16,94	1,87
16,97	1,85
16,99	1,84
17,02	1,84
17,04	1,83
17,06	1,82
17,09	1,81
17,11	1,80
17,14	1,79
17,16	1,77
17,19	1,76
17,21	1,75
17,24	1,73
17,26	1,72
17,28	1,70
17,31	1,70
17,33	1,69
17,36	1,67
17,38	1,67
17,41	1,66
17,43	1,64
17,46	1,62
17,48	1,61
17,50	1,61
17,53	1,60
17,55	1,58
17,58	1,57
17,60	1,57
17,63	1,55
17,65	1,54
17,68	1,53
17,70	1,53
17,72	1,50
17,75	1,48
17,77	1,49
17,80	1,48
17,82	1,46
17,85	1,45
17,87	1,44
17,89	1,44
17,92	1,42
17,94	1,40
17,97	1,40
17,99	1,40
18,02	1,38
18,04	1,36
18,07	1,36
18,09	1,36
18,11	1,34
18,14	1,32
18,16	1,32
18,19	1,31
18,21	1,29
18,24	1,28
18,26	1,28
18,29	1,28
18,31	1,26
18,33	1,25
18,36	1,24
18,38	1,24
18,41	1,22
18,43	1,20
18,46	1,20
18,48	1,20
18,51	1,18
18,53	1,17
18,55	1,17
18,58	1,16
18,60	1,15
18,63	1,14
18,65	1,13
18,68	1,13
18,70	1,11
18,73	1,10
18,75	1,10
18,77	1,10
18,80	1,09
18,82	1,08
18,85	1,07
18,87	1,07
18,90	1,06
18,92	1,05
18,94	1,04
18,97	1,04
18,99	1,03
19,02	1,03
19,04	1,03
19,07	1,03
19,09	1,01
19,12	1,01
19,14	1,01
19,16	1,00
19,19	0,99
19,21	0,99
19,24	1,00
19,26	0,99
19,29	0,98
19,31	1,00
19,34	1,00
19,36	0,99
19,38	0,99
19,41	0,99
19,43	1,00
19,46	1,00
19,48	0,99
19,51	1,01
19,53	1,01
19,56	1,01
19,58	1,01
19,60	1,02
19,63	1,03
19,65	1,02
19,68	1,02
19,70	1,04
19,73	1,05
19,75	1,05
19,78	1,05
19,80	1,07
19,82	1,09
19,85	1,09
19,87	1,08
19,90	1,10
19,92	1,11
19,95	1,11
19,97	1,12
19,99	1,14
20,02	1,15
20,04	1,15
20,07	1,16
20,09	1,18
20,12	1,19
20,14	1,19
20,17	1,20
20,19	1,22
20,21	1,25
20,24	1,25
20,26	1,26
20,29	1,28
20,31	1,29
20,34	1,29
20,36	1,30
20,39	1,31
20,41	1,33
20,43	1,34
20,46	1,35
20,48	1,37
20,51	1,38
20,53	1,40
20,56	1,41
20,58	1,43
20,61	1,45
20,63	1,45
20,65	1,47
20,68	1,49
20,70	1,50
20,73	1,51
20,75	1,53
20,78	1,55
20,80	1,56
20,83	1,57
20,85	1,58
20,87	1,60
20,90	1,62
20,92	1,63
20,95	1,65
20,97	1,68
21,00	1,69
21,02	1,70
21,05	1,73
21,07	1,74
21,09	1,74
21,12	1,75
21,14	1,77
21,17	1,79
21,19	1,80
21,22	1,81
21,24	1,83
21,26	1,85
21,29	1,86
21,31	1,88
21,34	1,90
21,36	1,92
21,39	1,92
21,41	1,94
21,44	1,97
21,46	1,99
21,48	1,99
21,51	2,01
21,53	2,03
21,56	2,05
21,58	2,05
21,61	2,06
21,63	2,09
21,66	2,11
21,68	2,12
21,70	2,13
21,73	2,16
21,75	2,19
21,78	2,19
21,80	2,20
21,83	2,23
21,85	2,24
21,88	2,25
21,90	2,27
21,92	2,30
21,95	2,31
21,97	2,32
22,00	2,33
22,02	2,36
22,05	2,38
22,07	2,39
22,10	2,40
22,12	2,42
22,14	2,45
22,17	2,46
22,19	2,47
22,22	2,50
22,24	2,51
22,27	2,52
22,29	2,54
22,31	2,55
22,34	2,58
22,36	2,59
22,39	2,60
22,41	2,63
22,44	2,64
22,46	2,66
22,49	2,67
22,51	2,70
22,53	2,71
22,56	2,72
22,58	2,73
22,61	2,76
22,63	2,77
22,66	2,79
22,68	2,81
22,71	2,83
22,73	2,84
22,75	2,85
22,78	2,87
22,80	2,88
22,83	2,89
22,85	2,90
22,88	2,93
22,90	2,94
22,93	2,95
22,95	2,96
22,97	2,99
23,00	3,00
23,02	3,00
23,05	3,02
23,07	3,04
23,10	3,06
23,12	3,06
23,15	3,08
23,17	3,11
23,19	3,12
23,22	3,13
23,24	3,14
23,27	3,16
23,29	3,17
23,32	3,17
23,34	3,18
23,36	3,22
23,39	3,23
23,41	3,24
23,44	3,25
23,46	3,27
23,49	3,29
23,51	3,29
23,54	3,29
23,56	3,32
23,58	3,33
23,61	3,33
23,63	3,34
23,66	3,36
23,68	3,39
23,71	3,39
23,73	3,39
23,76	3,42
23,78	3,43
23,80	3,43
23,83	3,44
23,85	3,46
23,88	3,48
23,90	3,48
23,93	3,49
23,95	3,52
23,98	3,53
24,00	3,53
24,02	3,53
24,05	3,55
24,07	3,57
24,10	3,57
24,12	3,59
24,15	3,61
24,17	3,62
24,20	3,63
24,22	3,64
24,24	3,66
24,27	3,67
24,29	3,67
24,32	3,69
24,34	3,70
24,37	3,71
24,39	3,72
24,42	3,73
24,44	3,75
24,46	3,76
24,49	3,76
24,51	3,78
24,54	3,79
24,56	3,80
24,59	3,82
24,61	3,84
24,63	3,85
24,66	3,86
24,68	3,87
24,71	3,88
24,73	3,89
24,76	3,89
24,78	3,90
24,81	3,92
24,83	3,93
24,85	3,93
24,88	3,94
24,90	3,96
24,93	3,97
24,95	3,97
24,98	3,98
25,00	4,00
25,03	4,01
25,05	4,01
25,07	4,02
25,10	4,04
25,12	4,05
25,15	4,05
25,17	4,06
25,20	4,08
25,22	4,09
25,25	4,08
25,27	4,08
25,29	4,11
25,32	4,12
25,34	4,12
25,37	4,13
25,39	4,15
25,42	4,17
25,44	4,17
25,47	4,17
25,49	4,19
25,51	4,21
25,54	4,21
25,56	4,22
25,59	4,24
25,61	4,25
25,64	4,25
25,66	4,26
25,68	4,28
25,71	4,28
25,73	4,28
25,76	4,30
25,78	4,31
25,81	4,33
25,83	4,33
25,86	4,34
25,88	4,36
25,90	4,36
25,93	4,37
25,95	4,37
25,98	4,38
26,00	4,39
26,03	4,39
26,05	4,40
26,08	4,42
26,10	4,42
26,12	4,43
26,15	4,44
26,17	4,44
26,20	4,44
26,22	4,45
26,25	4,47
26,27	4,48
26,30	4,48
26,32	4,49
26,34	4,50
26,37	4,51
26,39	4,51
26,42	4,52
26,44	4,53
26,47	4,53
26,49	4,53
26,52	4,55
26,54	4,56
26,56	4,57
26,59	4,57
26,61	4,58
26,64	4,60
26,66	4,60
26,69	4,59
26,71	4,60
26,73	4,62
26,76	4,62
26,78	4,62
26,81	4,63
26,83	4,64
26,86	4,64
26,88	4,65
26,91	4,65
26,93	4,66
26,95	4,67
26,98	4,68
27,00	4,69
27,03	4,70
27,05	4,71
27,08	4,72
27,10	4,72
27,13	4,72
27,15	4,73
27,17	4,73
27,20	4,73
27,22	4,74
27,25	4,75
27,27	4,75
27,30	4,76
27,32	4,76
27,35	4,78
27,37	4,78
27,39	4,78
27,42	4,79
27,44	4,80
27,47	4,80
27,49	4,81
27,52	4,82
27,54	4,82
27,57	4,82
27,59	4,83
27,61	4,83
27,64	4,83
27,66	4,84
27,69	4,85
27,71	4,86
27,74	4,86
27,76	4,87
27,78	4,88
27,81	4,88
27,83	4,88
27,86	4,89
27,88	4,89
27,91	4,90
27,93	4,90
27,96	4,91
27,98	4,92
28,00	4,92
28,03	4,93
28,05	4,94
28,08	4,94
28,10	4,94
28,13	4,95
28,15	4,96
28,18	4,96
28,20	4,96
28,22	4,97
28,25	4,98
28,27	4,99
28,30	4,99
28,32	4,99
28,35	5,01
28,37	5,00
28,40	5,00
28,42	5,00
28,44	5,02
28,47	5,02
28,49	5,02
28,52	5,02
28,54	5,04
28,57	5,04
28,59	5,03
28,62	5,04
28,64	5,05
28,66	5,05
28,69	5,05
28,71	5,06
28,74	5,07
28,76	5,07
28,79	5,07
28,81	5,07
28,84	5,09
28,86	5,09
28,88	5,08
28,91	5,09
28,93	5,12
28,96	5,11
28,98	5,11
29,01	5,11
29,03	5,13
29,05	5,13
29,08	5,11
29,10	5,12
29,13	5,13
29,15	5,13
29,18	5,13
29,20	5,14
29,23	5,15
29,25	5,16
29,27	5,15
29,30	5,15
29,32	5,17
29,35	5,16
29,37	5,16
29,40	5,17
29,42	5,18
29,45	5,18
29,47	5,18
29,49	5,19
29,52	5,20
29,54	5,19
29,57	5,19
29,59	5,20
29,62	5,21
29,64	5,21
29,67	5,21
29,69	5,22
29,71	5,22
29,74	5,22
29,76	5,23
29,79	5,24
29,81	5,23
29,84	5,23
29,86	5,23
29,89	5,24
29,91	5,25
29,93	5,25
29,96	5,26
29,98	5,27
30,01	5,27
30,03	5,27
30,06	5,27
30,08	5,28
30,10	5,29
30,13	5,28
30,15	5,30
30,18	5,31
30,20	5,31
30,23	5,31
30,25	5,31
30,28	5,32
30,30	5,32
30,32	5,31
30,35	5,33
30,37	5,34
30,40	5,34
30,42	5,34
30,45	5,34
30,47	5,36
30,50	5,36
30,52	5,35
30,54	5,36
30,57	5,37
30,59	5,37
30,62	5,36
30,64	5,37
30,67	5,38
30,69	5,38
30,72	5,37
30,74	5,38
30,76	5,39
30,79	5,39
30,81	5,38
30,84	5,39
30,86	5,40
30,89	5,40
30,91	5,39
30,94	5,40
30,96	5,41
30,98	5,41
31,01	5,40
31,03	5,40
31,06	5,41
31,08	5,41
31,11	5,41
31,13	5,42
31,15	5,42
31,18	5,42
31,20	5,42
31,23	5,43
31,25	5,44
31,28	5,44
31,30	5,44
31,33	5,45
31,35	5,45
31,37	5,45
31,40	5,45
31,42	5,45
31,45	5,46
31,47	5,45
31,50	5,45
31,52	5,45
31,55	5,45
31,57	5,45
31,59	5,45
31,62	5,46
31,64	5,46
31,67	5,45
31,69	5,45
31,72	5,45
31,74	5,45
31,77	5,44
31,79	5,44
31,81	5,44
31,84	5,44
31,86	5,43
31,89	5,42
31,91	5,42
31,94	5,41
31,96	5,39
31,99	5,39
32,01	5,39
32,03	5,38
32,06	5,36
32,08	5,37
32,11	5,37
32,13	5,35
32,16	5,34
32,18	5,33
32,20	5,32
32,23	5,30
32,25	5,27
32,28	5,26
32,30	5,25
32,33	5,23
32,35	5,21
32,38	5,20
32,40	5,19
32,42	5,17
32,45	5,13
32,47	5,12
32,50	5,11
32,52	5,09
32,55	5,06
32,57	5,05
32,60	5,03
32,62	5,00
32,64	4,98
32,67	4,96
32,69	4,95
32,72	4,91
32,74	4,88
32,77	4,86
32,79	4,84
32,82	4,81
32,84	4,78
32,86	4,76
32,89	4,74
32,91	4,71
32,94	4,68
32,96	4,65
32,99	4,63
33,01	4,59
33,04	4,56
33,06	4,54
33,08	4,52
33,11	4,48
33,13	4,45
33,16	4,43
33,18	4,40
33,21	4,36
33,23	4,33
33,26	4,31
33,28	4,28
33,30	4,25
33,33	4,22
33,35	4,19
33,38	4,16
33,40	4,12
33,43	4,09
33,45	4,07
33,47	4,03
33,50	4,00
33,52	3,97
33,55	3,94
33,57	3,91
33,60	3,87
33,62	3,85
33,65	3,83
33,67	3,79
33,69	3,75
33,72	3,72
33,74	3,69
33,77	3,66
33,79	3,62
33,82	3,59
33,84	3,57
33,87	3,53
33,89	3,49
33,91	3,46
33,94	3,44
33,96	3,40
33,99	3,36
34,01	3,34
34,04	3,32
34,06	3,28
34,09	3,25
34,11	3,22
34,13	3,20
34,16	3,16
34,18	3,11
34,21	3,09
34,23	3,07
34,26	3,03
34,28	3,00
34,31	2,97
34,33	2,95
34,35	2,91
34,38	2,87
34,40	2,86
34,43	2,83
34,45	2,80
34,48	2,77
34,50	2,75
34,52	2,73
34,55	2,70
34,57	2,67
34,60	2,65
34,62	2,63
34,65	2,59
34,67	2,56
34,70	2,54
34,72	2,52
34,74	2,49
34,77	2,46
34,79	2,45
34,82	2,42
34,84	2,40
34,87	2,37
34,89	2,34
34,92	2,33
34,94	2,30
34,96	2,27
34,99	2,26
35,01	2,24
35,04	2,21
35,06	2,19
35,09	2,17
35,11	2,15
35,14	2,12
35,16	2,09
35,18	2,07
35,21	2,05
35,23	2,03
35,26	2,01
35,28	2,00
35,31	1,98
35,33	1,95
35,36	1,93
35,38	1,92
35,40	1,89
35,43	1,86
35,45	1,85
35,48	1,84
35,50	1,82
35,53	1,79
35,55	1,79
35,57	1,78
35,60	1,75
35,62	1,73
35,65	1,72
35,67	1,71
35,70	1,69
35,72	1,67
35,75	1,67
35,77	1,67
35,79	1,65
35,82	1,64
35,84	1,63
35,87	1,63
35,89	1,61
35,92	1,59
35,94	1,60
35,97	1,60
35,99	1,58
36,01	1,57
36,04	1,58
36,06	1,59
36,09	1,58
36,11	1,57
36,14	1,57
36,16	1,58
36,19	1,57
36,21	1,57
36,23	1,58
36,26	1,59
36,28	1,59
36,31	1,59
36,33	1,61
36,36	1,62
36,38	1,62
36,41	1,62
36,43	1,64
36,45	1,66
36,48	1,66
36,50	1,67
36,53	1,69
36,55	1,71
36,58	1,72
36,60	1,72
36,62	1,74
36,65	1,76
36,67	1,77
36,70	1,79
36,72	1,81
36,75	1,82
36,77	1,84
36,80	1,86
36,82	1,88
36,84	1,91
36,87	1,92
36,89	1,94
36,92	1,97
36,94	1,99
36,97	2,00
36,99	2,03
37,02	2,06
37,04	2,08
37,06	2,09
37,09	2,12
37,11	2,14
37,14	2,16
37,16	2,19
37,19	2,22
37,21	2,25
37,24	2,27
37,26	2,29
37,28	2,32
37,31	2,35
37,33	2,36
37,36	2,39
37,38	2,42
37,41	2,45
37,43	2,47
37,46	2,49
37,48	2,53
37,50	2,56
37,53	2,57
37,55	2,59
37,58	2,63
37,60	2,66
37,63	2,68
37,65	2,70
37,68	2,74
37,70	2,77
37,72	2,79
37,75	2,81
37,77	2,85
37,80	2,88
37,82	2,89
37,85	2,91
37,87	2,96
37,89	2,99
37,92	3,01
37,94	3,04
37,97	3,08
37,99	3,12
38,02	3,14
38,04	3,16
38,07	3,20
38,09	3,24
38,11	3,26
38,14	3,28
38,16	3,32
38,19	3,36
38,21	3,38
38,24	3,41
38,26	3,45
38,29	3,48
38,31	3,50
38,33	3,53
38,36	3,57
38,38	3,62
38,41	3,63
38,43	3,66
38,46	3,71
38,48	3,74
38,51	3,76
38,53	3,79
38,55	3,82
38,58	3,86
38,60	3,88
38,63	3,91
38,65	3,95
38,68	3,98
38,70	4,01
38,73	4,04
38,75	4,08
38,77	4,11
38,80	4,13
38,82	4,17
38,85	4,20
38,87	4,23
38,90	4,27
38,92	4,30
38,94	4,34
38,97	4,37
38,99	4,39
39,02	4,43
39,04	4,46
39,07	4,49
39,09	4,53
39,12	4,56
39,14	4,60
39,16	4,62
39,19	4,64
39,21	4,69
39,24	4,72
39,26	4,74
39,29	4,77
39,31	4,81
39,34	4,84
39,36	4,86
39,38	4,89
39,41	4,93
39,43	4,96
39,46	4,98
39,48	5,01
39,51	5,05
39,53	5,08
39,56	5,09
39,58	5,12
39,60	5,17
39,63	5,20
39,65	5,21
39,68	5,24
39,70	5,28
39,73	5,31
39,75	5,32
39,78	5,34
39,80	5,38
39,82	5,42
39,85	5,43
39,87	5,46
39,90	5,50
39,92	5,54
39,95	5,55
39,97	5,57
39,99	5,61
40,02	5,64
40,04	5,65
40,07	5,68
40,09	5,72
40,12	5,75
40,14	5,77
40,17	5,79
40,19	5,83
40,21	5,85
40,24	5,87
40,26	5,89
40,29	5,92
40,31	5,96
40,34	5,97
40,36	6,00
40,39	6,03
40,41	6,05
40,43	6,08
40,46	6,10
40,48	6,12
40,51	6,15
40,53	6,17
40,56	6,20
40,58	6,23
40,61	6,25
40,63	6,27
40,65	6,30
40,68	6,33
40,70	6,35
40,73	6,36
40,75	6,39
40,78	6,42
40,80	6,44
40,83	6,47
40,85	6,50
40,87	6,53
40,90	6,54
40,92	6,56
40,95	6,59
40,97	6,61
41,00	6,62
41,02	6,65
41,05	6,68
41,07	6,70
41,09	6,72
41,12	6,74
41,14	6,78
41,17	6,80
41,19	6,81
41,22	6,83
41,24	6,86
41,26	6,89
41,29	6,91
41,31	6,93
41,34	6,96
41,36	6,98
41,39	7,00
41,41	7,02
41,44	7,05
41,46	7,07
41,48	7,07
41,51	7,09
41,53	7,13
41,56	7,15
41,58	7,16
41,61	7,18
41,63	7,22
41,66	7,25
41,68	7,25
41,70	7,27
41,73	7,30
41,75	7,32
41,78	7,34
41,80	7,35
41,83	7,38
41,85	7,40
41,88	7,41
41,90	7,43
41,92	7,46
41,95	7,47
41,97	7,49
42,00	7,51
42,02	7,54
42,05	7,57
42,07	7,58
42,10	7,60
42,12	7,63
42,14	7,65
42,17	7,66
42,19	7,68
42,22	7,70
42,24	7,72
42,27	7,73
42,29	7,76
42,31	7,78
42,34	7,79
42,36	7,81
42,39	7,83
42,41	7,85
42,44	7,87
42,46	7,88
42,49	7,91
42,51	7,93
42,53	7,94
42,56	7,96
42,58	7,98
42,61	8,00
42,63	8,00
42,66	8,02
42,68	8,04
42,71	8,05
42,73	8,06
42,75	8,09
42,78	8,11
42,80	8,13
42,83	8,13
42,85	8,15
42,88	8,18
42,90	8,19
42,93	8,19
42,95	8,21
42,97	8,23
43,00	8,25
43,02	8,25
43,05	8,27
43,07	8,30
43,10	8,31
43,12	8,31
43,15	8,33
43,17	8,35
43,19	8,37
43,22	8,38
43,24	8,39
43,27	8,42
43,29	8,43
43,32	8,43
43,34	8,45
43,36	8,48
43,39	8,49
43,41	8,48
43,44	8,50
43,46	8,53
43,49	8,54
43,51	8,55
43,54	8,56
43,56	8,58
43,58	8,61
43,61	8,60
43,63	8,62
43,66	8,65
43,68	8,66
43,71	8,66
43,73	8,68
43,76	8,71
43,78	8,72
43,80	8,72
43,83	8,74
43,85	8,76
43,88	8,77
43,90	8,78
43,93	8,80
43,95	8,82
43,98	8,84
44,00	8,84
44,02	8,86
44,05	8,88
44,07	8,89
44,10	8,89
44,12	8,91
44,15	8,92
44,17	8,93
44,20	8,94
44,22	8,96
44,24	8,98
44,27	8,98
44,29	8,99
44,32	9,01
44,34	9,02
44,37	9,03
44,39	9,03
44,41	9,05
44,44	9,07
44,46	9,07
44,49	9,08
44,51	9,10
44,54	9,11
44,56	9,11
44,59	9,12
44,61	9,14
44,63	9,15
44,66	9,15
44,68	9,17
44,71	9,19
44,73	9,20
44,76	9,20
44,78	9,21
44,81	9,24
44,83	9,25
44,85	9,24
44,88	9,26
44,90	9,28
44,93	9,29
44,95	9,29
44,98	9,30
45,00	9,32
45,03	9,33
45,05	9,32
45,07	9,33
45,10	9,35
45,12	9,36
45,15	9,37
45,17	9,38
45,20	9,41
45,22	9,41
45,25	9,41
45,27	9,43
45,29	9,45
45,32	9,45
45,34	9,44
45,37	9,45
45,39	9,47
45,42	9,47
45,44	9,48
45,47	9,49
45,49	9,51
45,51	9,52
45,54	9,51
45,56	9,52
45,59	9,54
45,61	9,55
45,64	9,55
45,66	9,56
45,68	9,58
45,71	9,59
45,73	9,59
45,76	9,60
45,78	9,62
45,81	9,62
45,83	9,63
45,86	9,63
45,88	9,65
45,90	9,66
45,93	9,66
45,95	9,68
45,98	9,69
46,00	9,69
46,03	9,70
46,05	9,71
46,08	9,72
46,10	9,72
46,12	9,73
46,15	9,74
46,17	9,76
46,20	9,75
46,22	9,77
46,25	9,78
46,27	9,79
46,30	9,79
46,32	9,80
46,34	9,81
46,37	9,82
46,39	9,82
46,42	9,84
46,44	9,86
46,47	9,86
46,49	9,86
46,52	9,86
46,54	9,88
46,56	9,88
46,59	9,88
46,61	9,90
46,64	9,91
46,66	9,92
46,69	9,92
46,71	9,93
46,73	9,95
46,76	9,96
46,78	9,95
46,81	9,96
46,83	9,98
46,86	9,98
46,88	9,98
46,91	10,00
46,93	10,01
46,95	10,02
46,98	10,01
47,00	10,03
47,03	10,04
47,05	10,04
47,08	10,03
47,10	10,04
47,13	10,06
47,15	10,06
47,17	10,06
47,20	10,07
47,22	10,09
47,25	10,09
47,27	10,08
47,30	10,08
47,32	10,10
47,35	10,10
47,37	10,10
47,39	10,11
47,42	10,13
47,44	10,13
47,47	10,13
47,49	10,13
47,52	10,15
47,54	10,15
47,57	10,15
47,59	10,16
47,61	10,17
47,64	10,18
47,66	10,18
47,69	10,19
47,71	10,20
47,74	10,20
47,76	10,20
47,78	10,21
47,81	10,22
47,83	10,22
47,86	10,23
47,88	10,24
47,91	10,25
47,93	10,25
47,96	10,26
47,98	10,27
48,00	10,27
48,03	10,27
48,05	10,27
48,08	10,28
48,10	10,29
48,13	10,28
48,15	10,29
48,18	10,30
48,20	10,30
48,22	10,30
48,25	10,30
48,27	10,31
48,30	10,30
48,32	10,30
48,35	10,31
48,37	10,32
48,40	10,32
48,42	10,31
48,44	10,31
48,47	10,32
48,49	10,31
48,52	10,29
48,54	10,30
48,57	10,30
48,59	10,29
48,62	10,28
48,64	10,28
48,66	10,29
48,69	10,27
48,71	10,26
48,74	10,26
48,76	10,25
48,79	10,24
48,81	10,22
48,84	10,21
48,86	10,21
48,88	10,19
48,91	10,17
48,93	10,16
48,96	10,15
48,98	10,12
49,01	10,09
49,03	10,08
49,05	10,08
49,08	10,05
49,10	10,02
49,13	10,00
49,15	9,98
49,18	9,96
49,20	9,93
49,23	9,90
49,25	9,88
49,27	9,84
49,30	9,81
49,32	9,79
49,35	9,77
49,37	9,73
49,40	9,69
49,42	9,66
49,45	9,64
49,47	9,60
49,49	9,57
49,52	9,54
49,54	9,51
49,57	9,48
49,59	9,44
49,62	9,42
49,64	9,38
49,67	9,34
49,69	9,30
49,71	9,26
49,74	9,22
49,76	9,18
49,79	9,14
49,81	9,11
49,84	9,07
49,86	9,02
49,89	8,99
49,91	8,95
49,93	8,91
49,96	8,86
49,98	8,82
50,01	8,79
50,03	8,75
50,06	8,70
50,08	8,67
50,10	8,63
50,13	8,58
50,15	8,53
50,18	8,49
50,20	8,46
50,23	8,41
50,25	8,36
50,28	8,33
50,30	8,30
50,32	8,25
50,35	8,20
50,37	8,17
50,40	8,14
50,42	8,09
50,45	8,03
50,47	8,00
50,50	7,97
50,52	7,92
50,54	7,87
50,57	7,84
50,59	7,81
50,62	7,75
50,64	7,70
50,67	7,67
50,69	7,63
50,72	7,58
50,74	7,53
50,76	7,50
50,79	7,48
50,81	7,43
50,84	7,38
50,86	7,35
50,89	7,30
50,91	7,26
50,94	7,20
50,96	7,16
50,98	7,13
51,01	7,08
51,03	7,03
51,06	7,00
51,08	6,96
51,11	6,92
51,13	6,87
51,15	6,83
51,18	6,80
51,20	6,74
51,23	6,70
51,25	6,67
51,28	6,63
51,30	6,58
51,33	6,54
51,35	6,51
51,37	6,47
51,40	6,42
51,42	6,38
51,45	6,35
51,47	6,31
51,50	6,27
51,52	6,22
51,55	6,19
51,57	6,15
51,59	6,10
51,62	6,08
51,64	6,04
51,67	5,99
51,69	5,95
51,72	5,91
51,74	5,88
51,77	5,84
51,79	5,79
51,81	5,77
51,84	5,74
51,86	5,69
51,89	5,64
51,91	5,61
51,94	5,58
51,96	5,54
51,99	5,50
52,01	5,47
52,03	5,44
52,06	5,40
52,08	5,36
52,11	5,33
52,13	5,30
52,16	5,25
52,18	5,21
52,20	5,20
52,23	5,17
52,25	5,13
52,28	5,10
52,30	5,07
52,33	5,06
52,35	5,01
52,38	4,97
52,40	4,96
52,42	4,93
52,45	4,90
52,47	4,86
52,50	4,85
52,52	4,83
52,55	4,80
52,57	4,77
52,60	4,76
52,62	4,74
52,64	4,71
52,67	4,69
52,69	4,68
52,72	4,67
52,74	4,65
52,77	4,63
52,79	4,62
52,82	4,61
52,84	4,59
52,86	4,56
52,89	4,56
52,91	4,55
52,94	4,53
52,96	4,52
52,99	4,52
53,01	4,52
53,04	4,51
53,06	4,50
53,08	4,50
53,11	4,50
53,13	4,49
53,16	4,48
53,18	4,49
53,21	4,49
53,23	4,49
53,26	4,49
53,28	4,51
53,30	4,51
53,33	4,50
53,35	4,51
53,38	4,51
53,40	4,52
53,43	4,53
53,45	4,53
53,47	4,55
53,50	4,56
53,52	4,56
53,55	4,58
53,57	4,60
53,60	4,59
53,62	4,60
53,65	4,62
53,67	4,64
53,69	4,65
53,72	4,66
53,74	4,68
53,77	4,70
53,79	4,71
53,82	4,72
53,84	4,74
53,87	4,77
53,89	4,78
53,91	4,79
53,94	4,79
53,96	4,81
53,99	4,83
54,01	4,85
54,04	4,86
54,06	4,88
54,09	4,89
54,11	4,92
54,13	4,93
54,16	4,95
54,18	4,98
54,21	5,00
54,23	5,01
54,26	5,04
54,28	5,05
54,31	5,07
54,33	5,08
54,35	5,11
54,38	5,13
54,40	5,15
54,43	5,16
54,45	5,19
54,48	5,22
54,50	5,23
54,52	5,25
54,55	5,28
54,57	5,30
54,60	5,33
54,62	5,37
54,65	5,38
54,67	5,40
54,70	5,44
54,72	5,46
54,74	5,48
54,77	5,49
54,79	5,52
54,82	5,55
54,84	5,57
54,87	5,59
54,89	5,63
54,92	5,66
54,94	5,69
54,96	5,72
54,99	5,75
55,01	5,78
55,04	5,80
55,06	5,83
55,09	5,87
55,11	5,90
55,14	5,94
55,16	5,98
55,18	6,01
55,21	6,04
55,23	6,07
55,26	6,11
55,28	6,14
55,31	6,17
55,33	6,21
55,36	6,25
55,38	6,29
55,40	6,32
55,43	6,35
55,45	6,41
55,48	6,44
55,50	6,46
55,53	6,50
55,55	6,54
55,57	6,58
55,60	6,61
55,62	6,64
55,65	6,69
55,67	6,73
55,70	6,76
55,72	6,79
55,75	6,84
55,77	6,88
55,79	6,89
55,82	6,93
55,84	6,99
55,87	7,03
55,89	7,06
55,92	7,09
55,94	7,14
55,97	7,18
55,99	7,20
56,01	7,23
56,04	7,28
56,06	7,32
56,09	7,35
56,11	7,39
56,14	7,44
56,16	7,49
56,19	7,51
56,21	7,54
56,23	7,59
56,26	7,63
56,28	7,66
56,31	7,70
56,33	7,75
56,36	7,79
56,38	7,81
56,41	7,85
56,43	7,90
56,45	7,95
56,48	7,97
56,50	8,00
56,53	8,05
56,55	8,09
56,58	8,12
56,60	8,16
56,62	8,21
56,65	8,24
56,67	8,27
56,70	8,31
56,72	8,35
56,75	8,39
56,77	8,42
56,80	8,46
56,82	8,50
56,84	8,54
56,87	8,57
56,89	8,62
56,92	8,66
56,94	8,69
56,97	8,72
56,99	8,77
57,02	8,81
57,04	8,85
57,06	8,89
57,09	8,93
57,11	8,97
57,14	9,01
57,16	9,04
57,19	9,09
57,21	9,13
57,24	9,15
57,26	9,19
57,28	9,24
57,31	9,28
57,33	9,31
57,36	9,35
57,38	9,41
57,41	9,45
57,43	9,47
57,46	9,51
57,48	9,55
57,50	9,60
57,53	9,63
57,55	9,67
57,58	9,72
57,60	9,76
57,63	9,78
57,65	9,82
57,68	9,87
57,70	9,91
57,72	9,93
57,75	9,97
57,77	10,02
57,80	10,06
57,82	10,09
57,85	10,13
57,87	10,18
57,89	10,23
57,92	10,25
57,94	10,28
57,97	10,33
57,99	10,37
58,02	10,40
58,04	10,43
58,07	10,48
58,09	10,53
58,11	10,55
58,14	10,58
58,16	10,63
58,19	10,67
58,21	10,70
58,24	10,74
58,26	10,78
58,29	10,83
58,31	10,86
58,33	10,90
58,36	10,94
58,38	10,97
58,41	11,00
58,43	11,03
58,46	11,08
58,48	11,12
58,51	11,14
58,53	11,18
58,55	11,23
58,58	11,26
58,60	11,29
58,63	11,33
58,65	11,37
58,68	11,41
58,70	11,44
58,73	11,48
58,75	11,52
58,77	11,55
58,80	11,59
58,82	11,63
58,85	11,67
58,87	11,70
58,90	11,73
58,92	11,76
58,94	11,80
58,97	11,83
58,99	11,87
59,02	11,91
59,04	11,95
59,07	11,98
59,09	12,01
59,12	12,05
59,14	12,09
59,16	12,11
59,19	12,15
59,21	12,19
59,24	12,23
59,26	12,25
59,29	12,29
59,31	12,33
59,34	12,37
59,36	12,39
59,38	12,42
59,41	12,47
59,43	12,50
59,46	12,53
59,48	12,56
59,51	12,61
59,53	12,64
59,56	12,66
59,58	12,69
59,60	12,73
59,63	12,77
59,65	12,78
59,68	12,82
59,70	12,87
59,73	12,90
59,75	12,93
59,78	12,96
59,80	13,01
59,82	13,04
59,85	13,06
59,87	13,08
59,90	13,13
59,92	13,16
59,95	13,17
59,97	13,21
59,99	13,25
60,02	13,28
60,04	13,30
60,07	13,34
60,09	13,38
60,12	13,41
60,14	13,43
60,17	13,47
60,19	13,51
60,21	13,55
60,24	13,57
60,26	13,60
60,29	13,64
60,31	13,66
60,34	13,69
60,36	13,72
60,39	13,75
60,41	13,77
60,43	13,80
60,46	13,83
60,48	13,87
60,51	13,89
60,53	13,93
60,56	13,96
60,58	13,99
60,61	14,01
60,63	14,04
60,65	14,08
60,68	14,11
60,70	14,13
60,73	14,15
60,75	14,19
60,78	14,22
60,80	14,24
60,83	14,26
60,85	14,30
60,87	14,32
60,90	14,34
60,92	14,38
60,95	14,41
60,97	14,45
61,00	14,46
61,02	14,48
61,05	14,53
61,07	14,55
61,09	14,56
61,12	14,59
61,14	14,63
61,17	14,66
61,19	14,67
61,22	14,70
61,24	14,75
61,26	14,77
61,29	14,79
61,31	14,82
61,34	14,85
61,36	14,88
61,39	14,89
61,41	14,92
61,44	14,97
61,46	14,99
61,48	15,01
61,51	15,03
61,53	15,07
61,56	15,10
61,58	15,10
61,61	15,13
61,63	15,18
61,66	15,20
61,68	15,22
61,70	15,25
61,73	15,28
61,75	15,31
61,78	15,33
61,80	15,35
61,83	15,38
61,85	15,40
61,88	15,41
61,90	15,44
61,92	15,47
61,95	15,49
61,97	15,51
62,00	15,53
62,02	15,57
62,05	15,59
62,07	15,60
62,10	15,62
62,12	15,66
62,14	15,68
62,17	15,69
62,19	15,72
62,22	15,75
62,24	15,77
62,27	15,78
62,29	15,81
62,31	15,82
62,34	15,84
62,36	15,86
62,39	15,89
62,41	15,92
62,44	15,93
62,46	15,95
62,49	15,98
62,51	16,00
62,53	16,02
62,56	16,03
62,58	16,07
62,61	16,09
62,63	16,10
62,66	16,13
62,68	16,16
62,71	16,18
62,73	16,19
62,75	16,21
62,78	16,24
62,80	16,25
62,83	16,27
62,85	16,30
62,88	16,33
62,90	16,35
62,93	16,36
62,95	16,38
62,97	16,42
63,00	16,44
63,02	16,44
63,05	16,46
63,07	16,50
63,10	16,51
63,12	16,53
63,15	16,55
63,17	16,59
63,19	16,60
63,22	16,61
63,24	16,64
63,27	16,67
63,29	16,68
63,32	16,69
63,34	16,71
63,36	16,75
63,39	16,76
63,41	16,77
63,44	16,80
63,46	16,83
63,49	16,84
63,51	16,84
63,54	16,86
63,56	16,89
63,58	16,91
63,61	16,91
63,63	16,94
63,66	16,96
63,68	16,98
63,71	16,99
63,73	17,01
63,76	17,04
63,78	17,05
63,80	17,06
63,83	17,09
63,85	17,12
63,88	17,13
63,90	17,14
63,93	17,16
63,95	17,18
63,98	17,20
64,00	17,21
64,02	17,23
64,05	17,26
64,07	17,27
64,10	17,29
64,12	17,31
64,15	17,33
64,17	17,34
64,20	17,36
64,22	17,38
64,24	17,39
64,27	17,40
64,29	17,42
64,32	17,44
64,34	17,46
64,37	17,46
64,39	17,48
64,41	17,50
64,44	17,51
64,46	17,52
64,49	17,53
64,51	17,56
64,54	17,58
64,56	17,58
64,59	17,61
64,61	17,63
64,63	17,65
64,66	17,65
64,68	17,66
64,71	17,69
64,73	17,69
64,76	17,69
64,78	17,71
64,81	17,74
64,83	17,75
64,85	17,75
64,88	17,77
64,90	17,79
64,93	17,80
64,95	17,80
64,98	17,82
65,00	17,84
65,03	17,85
65,05	17,86
65,07	17,88
65,10	17,90
65,12	17,91
65,15	17,91
65,17	17,92
65,20	17,93
65,22	17,93
65,25	17,92
65,27	17,94
65,29	17,96
65,32	17,96
65,34	17,96
65,37	17,98
65,39	17,99
65,42	17,99
65,44	17,98
65,47	17,98
65,49	17,99
65,51	17,98
65,54	17,98
65,56	17,99
65,59	17,99
65,61	17,98
65,64	17,97
65,66	17,97
65,68	17,97
65,71	17,94
65,73	17,93
65,76	17,93
65,78	17,92
65,81	17,91
65,83	17,90
65,86	17,89
65,88	17,89
65,90	17,86
65,93	17,85
65,95	17,83
65,98	17,82
66,00	17,79
66,03	17,77
66,05	17,76
66,08	17,74
66,10	17,71
66,12	17,69
66,15	17,67
66,17	17,64
66,20	17,61
66,22	17,58
66,25	17,57
66,27	17,54
66,30	17,50
66,32	17,48
66,34	17,46
66,37	17,42
66,39	17,39
66,42	17,36
66,44	17,34
66,47	17,30
66,49	17,26
66,52	17,24
66,54	17,22
66,56	17,18
66,59	17,14
66,61	17,12
66,64	17,09
66,66	17,05
66,69	17,00
66,71	16,98
66,73	16,96
66,76	16,92
66,78	16,88
66,81	16,86
66,83	16,83
66,86	16,79
66,88	16,75
66,91	16,72
66,93	16,70
66,95	16,66
66,98	16,62
67,00	16,59
67,03	16,57
67,05	16,52
67,08	16,48
67,10	16,45
67,13	16,42
67,15	16,38
67,17	16,33
67,20	16,30
67,22	16,28
67,25	16,23
67,27	16,19
67,30	16,16
67,32	16,13
67,35	16,09
67,37	16,05
67,39	16,01
67,42	15,99
67,44	15,94
67,47	15,90
67,49	15,87
67,52	15,84
67,54	15,79
67,57	15,75
67,59	15,72
67,61	15,69
67,64	15,64
67,66	15,60
67,69	15,57
67,71	15,53
67,74	15,49
67,76	15,45
67,78	15,42
67,81	15,38
67,83	15,33
67,86	15,28
67,88	15,24
67,91	15,19
67,93	15,15
67,96	15,10
67,98	15,07
68,00	15,02
68,03	14,97
68,05	14,93
68,08	14,90
68,10	14,84
68,13	14,79
68,15	14,74
68,18	14,71
68,20	14,66
68,22	14,60
68,25	14,56
68,27	14,52
68,30	14,46
68,32	14,41
68,35	14,37
68,37	14,33
68,40	14,27
68,42	14,22
68,44	14,18
68,47	14,15
68,49	14,09
68,52	14,05
68,54	14,01
68,57	13,98
68,59	13,92
68,62	13,86
68,64	13,82
68,66	13,78
68,69	13,73
68,71	13,68
68,74	13,64
68,76	13,61
68,79	13,56
68,81	13,51
68,83	13,48
68,86	13,44
68,88	13,39
68,91	13,34
68,93	13,31
68,96	13,28
68,98	13,23
69,01	13,18
69,03	13,15
69,05	13,11
69,08	13,07
69,10	13,02
69,13	12,98
69,15	12,95
69,18	12,90
69,20	12,86
69,23	12,84
69,25	12,80
69,27	12,77
69,30	12,72
69,32	12,69
69,35	12,67
69,37	12,62
69,40	12,59
69,42	12,56
69,45	12,53
69,47	12,49
69,49	12,46
69,52	12,44
69,54	12,41
69,57	12,38
69,59	12,35
69,62	12,33
69,64	12,30
69,67	12,27
69,69	12,25
69,71	12,24
69,74	12,22
69,76	12,18
69,79	12,17
69,81	12,16
69,84	12,12
69,86	12,10
69,89	12,08
69,91	12,08
69,93	12,05
69,96	12,03
69,98	12,03
70,01	12,02
70,03	12,00
70,06	11,97
70,08	11,97
70,10	11,97
70,13	11,95
70,15	11,93
70,18	11,94
70,20	11,94
70,23	11,91
70,25	11,90
70,28	11,90
70,30	11,90
70,32	11,88
70,35	11,86
70,37	11,87
70,40	11,86
70,42	11,85
70,45	11,84
70,47	11,84
70,50	11,85
70,52	11,83
70,54	11,82
70,57	11,82
70,59	11,82
70,62	11,81
70,64	11,80
70,67	11,81
70,69	11,81
70,72	11,79
70,74	11,78
70,76	11,79
70,79	11,79
70,81	11,78
70,84	11,76
70,86	11,77
70,89	11,78
70,91	11,77
70,94	11,76
70,96	11,77
70,98	11,77
71,01	11,76
71,03	11,75
71,06	11,75
71,08	11,75
71,11	11,74
71,13	11,74
71,15	11,75
71,18	11,75
71,20	11,75
71,23	11,75
71,25	11,76
71,28	11,76
71,30	11,75
71,33	11,76
71,35	11,78
71,37	11,78
71,40	11,78
71,42	11,79
71,45	11,79
71,47	11,80
71,50	11,80
71,52	11,81
71,55	11,82
71,57	11,82
71,59	11,83
71,62	11,85
71,64	11,87
71,67	11,87
71,69	11,88
71,72	11,91
71,74	11,93
71,77	11,93
71,79	11,94
71,81	11,97
71,84	11,99
71,86	12,00
71,89	12,01
71,91	12,04
71,94	12,07
71,96	12,07
71,99	12,09
72,01	12,11
72,03	12,14
72,06	12,16
72,08	12,17
72,11	12,22
72,13	12,24
72,16	12,25
72,18	12,28
72,20	12,30
72,23	12,34
72,25	12,34
72,28	12,36
72,30	12,40
72,33	12,43
72,35	12,45
72,38	12,47
72,40	12,51
72,42	12,55
72,45	12,56
72,47	12,57
72,50	12,62
72,52	12,65
72,55	12,66
72,57	12,69
72,60	12,72
72,62	12,76
72,64	12,78
72,67	12,80
72,69	12,85
72,72	12,87
72,74	12,89
72,77	12,91
72,79	12,95
72,82	12,99
72,84	13,00
72,86	13,04
72,89	13,07
72,91	13,10
72,94	13,13
72,96	13,15
72,99	13,18
73,01	13,21
73,04	13,23
73,06	13,27
73,08	13,31
73,11	13,34
73,13	13,36
73,16	13,40
73,18	13,44
73,21	13,47
73,23	13,49
73,25	13,52
73,28	13,56
73,30	13,59
73,33	13,62
73,35	13,66
73,38	13,70
73,40	13,73
73,43	13,76
73,45	13,80
73,47	13,83
73,50	13,86
73,52	13,89
73,55	13,94
73,57	13,98
73,60	14,00
73,62	14,04
73,65	14,09
73,67	14,13
73,69	14,15
73,72	14,19
73,74	14,23
73,77	14,27
73,79	14,30
73,82	14,33
73,84	14,39
73,87	14,43
73,89	14,45
73,91	14,49
73,94	14,54
73,96	14,58
73,99	14,60
74,01	14,64
74,04	14,70
74,06	14,74
74,09	14,77
74,11	14,81
74,13	14,86
74,16	14,90
74,18	14,93
74,21	14,97
74,23	15,02
74,26	15,07
74,28	15,10
74,31	15,14
74,33	15,19
74,35	15,24
74,38	15,27
74,40	15,30
74,43	15,36
74,45	15,40
74,48	15,43
74,50	15,47
74,52	15,53
74,55	15,58
74,57	15,61
74,60	15,65
74,62	15,71
74,65	15,75
74,67	15,78
74,70	15,82
74,72	15,88
74,74	15,93
74,77	15,96
74,79	16,01
74,82	16,06
74,84	16,10
74,87	16,14
74,89	16,19
74,92	16,24
74,94	16,29
74,96	16,32
74,99	16,37
75,01	16,43
75,04	16,46
75,06	16,51
75,09	16,56
75,11	16,61
75,14	16,65
75,16	16,69
75,18	16,74
75,21	16,79
75,23	16,83
75,26	16,88
75,28	16,93
75,31	16,99
75,33	17,03
75,36	17,07
75,38	17,12
75,40	17,17
75,43	17,20
75,45	17,24
75,48	17,30
75,50	17,35
75,53	17,39
75,55	17,43
75,57	17,50
75,60	17,55
75,62	17,58
75,65	17,63
75,67	17,69
75,70	17,75
75,72	17,79
75,75	17,84
75,77	17,90
75,79	17,95
75,82	17,98
75,84	18,03
75,87	18,09
75,89	18,14
75,92	18,17
75,94	18,22
75,97	18,29
75,99	18,34
76,01	18,37
76,04	18,42
76,06	18,49
76,09	18,55
76,11	18,58
76,14	18,62
76,16	18,69
76,19	18,73
76,21	18,76
76,23	18,81
76,26	18,87
76,28	18,92
76,31	18,95
76,33	19,00
76,36	19,06
76,38	19,10
76,41	19,14
76,43	19,19
76,45	19,26
76,48	19,31
76,50	19,35
76,53	19,40
76,55	19,46
76,58	19,50
76,60	19,54
76,62	19,59
76,65	19,64
76,67	19,69
76,70	19,73
76,72	19,78
76,75	19,84
76,77	19,88
76,80	19,93
76,82	19,99
76,84	20,03
76,87	20,08
76,89	20,12
76,92	20,18
76,94	20,23
76,97	20,28
76,99	20,32
77,02	20,37
77,04	20,42
77,06	20,46
77,09	20,50
77,11	20,56
77,14	20,61
77,16	20,65
77,19	20,70
77,21	20,77
77,24	20,82
77,26	20,86
77,28	20,90
77,31	20,97
77,33	21,01
77,36	21,04
77,38	21,09
77,41	21,15
77,43	21,20
77,46	21,24
77,48	21,28
77,50	21,35
77,53	21,40
77,55	21,44
77,58	21,48
77,60	21,55
77,63	21,59
77,65	21,63
77,68	21,68
77,70	21,74
77,72	21,80
77,75	21,82
77,77	21,88
77,80	21,93
77,82	21,97
77,85	22,01
77,87	22,05
77,89	22,12
77,92	22,17
77,94	22,20
77,97	22,26
77,99	22,31
78,02	22,37
78,04	22,40
78,07	22,44
78,09	22,50
78,11	22,54
78,14	22,58
78,16	22,63
78,19	22,69
78,21	22,73
78,24	22,77
78,26	22,82
78,29	22,88
78,31	22,93
78,33	22,96
78,36	23,01
78,38	23,07
78,41	23,12
78,43	23,16
78,46	23,21
78,48	23,27
78,51	23,30
78,53	23,34
78,55	23,39
78,58	23,43
78,60	23,47
78,63	23,51
78,65	23,57
78,68	23,62
78,70	23,66
78,73	23,70
78,75	23,76
78,77	23,80
78,80	23,84
78,82	23,88
78,85	23,93
78,87	23,98
78,90	24,01
78,92	24,05
78,94	24,11
78,97	24,15
78,99	24,19
79,02	24,24
79,04	24,29
79,07	24,34
79,09	24,37
79,12	24,42
79,14	24,48
79,16	24,53
79,19	24,56
79,21	24,60
79,24	24,66
79,26	24,71
79,29	24,73
79,31	24,78
79,34	24,84
79,36	24,89
79,38	24,92
79,41	24,96
79,43	25,02
79,46	25,06
79,48	25,09
79,51	25,14
79,53	25,20
79,56	25,24
79,58	25,28
79,60	25,33
79,63	25,39
79,65	25,43
79,68	25,46
79,70	25,51
79,73	25,57
79,75	25,61
79,78	25,63
79,80	25,68
79,82	25,73
79,85	25,77
79,87	25,80
79,90	25,85
79,92	25,90
79,95	25,95
79,97	25,98
79,99	26,02
80,02	26,07
80,04	26,11
80,07	26,14
80,09	26,20
80,12	26,25
80,14	26,29
80,17	26,32
80,19	26,37
80,21	26,42
80,24	26,44
80,26	26,48
80,29	26,52
80,31	26,56
80,34	26,61
80,36	26,64
80,39	26,69
80,41	26,73
80,43	26,76
80,46	26,80
80,48	26,85
80,51	26,88
80,53	26,92
80,56	26,96
80,58	27,00
80,61	27,04
80,63	27,07
80,65	27,12
80,68	27,17
80,70	27,21
80,73	27,24
80,75	27,27
80,78	27,32
80,80	27,36
80,83	27,38
80,85	27,43
80,87	27,48
80,90	27,52
80,92	27,55
80,95	27,58
80,97	27,64
81,00	27,67
81,02	27,70
81,04	27,72
81,07	27,76
81,09	27,81
81,12	27,85
81,14	27,88
81,17	27,92
81,19	27,95
81,22	27,99
81,24	28,03
81,26	28,06
81,29	28,11
81,31	28,14
81,34	28,17
81,36	28,20
81,39	28,24
81,41	28,28
81,44	28,31
81,46	28,34
81,48	28,39
81,51	28,42
81,53	28,46
81,56	28,49
81,58	28,53
81,61	28,58
81,63	28,60
81,66	28,63
81,68	28,67
81,70	28,70
81,73	28,75
81,75	28,77
81,78	28,79
81,80	28,84
81,83	28,88
81,85	28,91
81,88	28,93
81,90	28,97
81,92	29,01
81,95	29,03
81,97	29,05
82,00	29,09
82,02	29,12
82,05	29,14
82,07	29,17
82,10	29,20
82,12	29,24
82,14	29,25
82,17	29,27
82,19	29,29
82,22	29,32
82,24	29,34
82,27	29,35
82,29	29,38
82,31	29,41
82,34	29,42
82,36	29,44
82,39	29,47
82,41	29,48
82,44	29,49
82,46	29,50
82,49	29,52
82,51	29,54
82,53	29,54
82,56	29,55
82,58	29,57
82,61	29,58
82,63	29,58
82,66	29,59
82,68	29,61
82,71	29,62
82,73	29,61
82,75	29,64
82,78	29,65
82,80	29,65
82,83	29,64
82,85	29,65
82,88	29,66
82,90	29,65
82,93	29,64
82,95	29,65
82,97	29,66
83,00	29,65
83,02	29,65
83,05	29,65
83,07	29,67
83,10	29,66
83,12	29,65
83,15	29,66
83,17	29,66
83,19	29,65
83,22	29,64
83,24	29,65
83,27	29,66
83,29	29,65
83,32	29,64
83,34	29,64
83,36	29,64
83,39	29,63
83,41	29,61
83,44	29,62
83,46	29,63
83,49	29,62
83,51	29,61
83,54	29,61
83,56	29,62
83,58	29,61
83,61	29,59
83,63	29,59
83,66	29,59
83,68	29,57
83,71	29,56
83,73	29,57
83,76	29,57
83,78	29,55
83,80	29,54
83,83	29,54
83,85	29,54
83,88	29,53
83,90	29,52
83,93	29,52
83,95	29,51
83,98	29,51
84,00	29,50
84,02	29,50
84,05	29,50
84,07	29,48
84,10	29,46
84,12	29,46
84,15	29,45
84,17	29,43
84,20	29,42
84,22	29,41
84,24	29,40
84,27	29,38
84,29	29,37
84,32	29,37
84,34	29,35
84,37	29,32
84,39	29,31
84,41	29,31
84,44	29,29
84,46	29,25
84,49	29,24
84,51	29,23
84,54	29,20
84,56	29,16
84,59	29,14
84,61	29,13
84,63	29,09
84,66	29,05
84,68	29,04
84,71	29,03
84,73	28,99
84,76	28,96
84,78	28,94
84,81	28,93
84,83	28,89
84,85	28,84
84,88	28,83
84,90	28,80
84,93	28,76
84,95	28,73
84,98	28,71
85,00	28,69
85,03	28,65
85,05	28,61
85,07	28,58
85,10	28,56
85,12	28,53
85,15	28,49
85,17	28,47
85,20	28,46
85,22	28,42
85,25	28,39
85,27	28,37
85,29	28,35
85,32	28,31
85,34	28,27
85,37	28,25
85,39	28,23
85,42	28,18
85,44	28,15
85,47	28,13
85,49	28,10
85,51	28,07
85,54	28,04
85,56	28,01
85,59	27,99
85,61	27,95
85,64	27,92
85,66	27,90
85,68	27,87
85,71	27,83
85,73	27,79
85,76	27,77
85,78	27,74
85,81	27,71
85,83	27,68
85,86	27,65
85,88	27,62
85,90	27,59
85,93	27,57
85,95	27,55
85,98	27,52
86,00	27,48
86,03	27,45
86,05	27,43
86,08	27,39
86,10	27,36
86,12	27,34
86,15	27,33
86,17	27,29
86,20	27,25
86,22	27,24
86,25	27,22
86,27	27,19
86,30	27,16
86,32	27,14
86,34	27,13
86,37	27,10
86,39	27,06
86,42	27,05
86,44	27,04
86,47	27,01
86,49	26,98
86,52	26,96
86,54	26,95
86,56	26,91
86,59	26,89
86,61	26,89
86,64	26,88
86,66	26,84
86,69	26,82
86,71	26,80
86,73	26,80
86,76	26,77
86,78	26,74
86,81	26,73
86,83	26,72
86,86	26,70
86,88	26,68
86,91	26,67
86,93	26,66
86,95	26,63
86,98	26,61
87,00	26,61
87,03	26,60
87,05	26,57
87,08	26,55
87,10	26,55
87,13	26,55
87,15	26,52
87,17	26,50
87,20	26,49
87,22	26,48
87,25	26,45
87,27	26,43
87,30	26,41
87,32	26,41
87,35	26,38
87,37	26,36
87,39	26,36
87,42	26,35
87,44	26,33
87,47	26,31
87,49	26,30
87,52	26,29
87,54	26,26
87,57	26,25
87,59	26,24
87,61	26,22
87,64	26,19
87,66	26,18
87,69	26,17
87,71	26,15
87,74	26,12
87,76	26,11
87,78	26,10
87,81	26,08
87,83	26,06
87,86	26,05
87,88	26,05
87,91	26,03
87,93	26,00
87,96	26,00
87,98	25,99
88,00	25,96
88,03	25,94
88,05	25,93
88,08	25,93
88,10	25,91
88,13	25,89
88,15	25,90
88,18	25,89
88,20	25,87
88,22	25,85
88,25	25,85
88,27	25,85
88,30	25,84
88,32	25,82
88,35	25,84
88,37	25,84
88,40	25,82
88,42	25,82
88,44	25,82
88,47	25,83
88,49	25,81
88,52	25,80
88,54	25,82
88,57	25,83
88,59	25,82
88,62	25,81
88,64	25,83
88,66	25,85
88,69	25,83
88,71	25,83
88,74	25,85
88,76	25,85
88,79	25,84
88,81	25,85
88,83	25,86
88,86	25,88
88,88	25,87
88,91	25,88
88,93	25,90
88,96	25,91
88,98	25,90
89,01	25,91
89,03	25,92
89,05	25,95
89,08	25,94
89,10	25,94
89,13	25,97
89,15	25,97
89,18	25,97
89,20	25,97
89,23	25,99
89,25	26,00
89,27	26,00
89,30	26,01
89,32	26,03
89,35	26,04
89,37	26,04
89,40	26,05
89,42	26,07
89,45	26,08
89,47	26,07
89,49	26,09
89,52	26,12
89,54	26,12
89,57	26,12
89,59	26,14
89,62	26,16
89,64	26,16
89,67	26,16
89,69	26,18
89,71	26,20
89,74	26,20
89,76	26,22
89,79	26,23
89,81	26,26
89,84	26,26
89,86	26,27
89,89	26,29
89,91	26,31
89,93	26,30
89,96	26,31
89,98	26,33
90,01	26,35
90,03	26,36
90,06	26,37
90,08	26,39
90,10	26,42
90,13	26,42
90,15	26,43
90,18	26,46
90,20	26,49
90,23	26,49
90,25	26,50
90,28	26,55
90,30	26,57
90,32	26,58
90,35	26,60
90,37	26,62
90,40	26,65
90,42	26,65
90,45	26,66
90,47	26,70
90,50	26,73
90,52	26,74
90,54	26,76
90,57	26,80
90,59	26,83
90,62	26,85
90,64	26,87
90,67	26,91
90,69	26,95
90,72	26,96
90,74	26,99
90,76	27,03
90,79	27,06
90,81	27,08
90,84	27,11
90,86	27,15
90,89	27,18
90,91	27,20
90,94	27,22
90,96	27,27
90,98	27,31
91,01	27,33
91,03	27,36
91,06	27,41
91,08	27,44
91,11	27,47
91,13	27,50
91,15	27,54
91,18	27,57
91,20	27,59
91,23	27,63
91,25	27,68
91,28	27,70
91,30	27,72
91,33	27,76
91,35	27,80
91,37	27,82
91,40	27,84
91,42	27,88
91,45	27,93
91,47	27,95
91,50	27,99
91,52	28,03
91,55	28,07
91,57	28,10
91,59	28,12
91,62	28,17
91,64	28,19
91,67	28,22
91,69	28,25
91,72	28,29
91,74	28,33
91,77	28,36
91,79	28,39
91,81	28,44
91,84	28,48
91,86	28,50
91,89	28,54
91,91	28,59
91,94	28,64
91,96	28,67
91,99	28,71
92,01	28,76
92,03	28,80
92,06	28,83
92,08	28,87
92,11	28,92
92,13	28,97
92,16	28,99
92,18	29,02
92,20	29,08
92,23	29,13
92,25	29,16
92,28	29,21
92,30	29,27
92,33	29,31
92,35	29,34
92,38	29,37
92,40	29,43
92,42	29,48
92,45	29,51
92,47	29,56
92,50	29,61
92,52	29,66
92,55	29,69
92,57	29,74
92,60	29,80
92,62	29,84
92,64	29,88
92,67	29,93
92,69	29,99
92,72	30,04
92,74	30,07
92,77	30,12
92,79	30,18
92,82	30,22
92,84	30,26
92,86	30,31
92,89	30,37
92,91	30,41
92,94	30,45
92,96	30,50
92,99	30,56
93,01	30,60
93,04	30,65
93,06	30,71
93,08	30,76
93,11	30,81
93,13	30,85
93,16	30,90
93,18	30,96
93,21	31,00
93,23	31,05
93,25	31,11
93,28	31,16
93,30	31,19
93,33	31,24
93,35	31,30
93,38	31,35
93,40	31,40
93,43	31,46
93,45	31,52
93,47	31,58
93,50	31,62
93,52	31,67
93,55	31,73
93,57	31,78
93,60	31,82
93,62	31,87
93,65	31,94
93,67	32,00
93,69	32,04
93,72	32,09
93,74	32,16
93,77	32,21
93,79	32,25
93,82	32,31
93,84	32,38
93,87	32,44
93,89	32,48
93,91	32,53
93,94	32,61
93,96	32,67
93,99	32,71
94,01	32,76
94,04	32,84
94,06	32,89
94,09	32,93
94,11	32,99
94,13	33,07
94,16	33,13
94,18	33,18
94,21	33,24
94,23	33,31
94,26	33,38
94,28	33,41
94,31	33,47
94,33	33,54
94,35	33,60
94,38	33,65
94,40	33,71
94,43	33,78
94,45	33,84
94,48	33,88
94,50	33,94
94,52	34,01
94,55	34,07
94,57	34,12
94,60	34,18
94,62	34,25
94,65	34,31
94,67	34,36
94,70	34,42
94,72	34,49
94,74	34,54
94,77	34,59
94,79	34,64
94,82	34,71
94,84	34,76
94,87	34,82
94,89	34,88
94,92	34,96
94,94	35,01
94,96	35,07
94,99	35,13
95,01	35,19
95,04	35,24
95,06	35,29
95,09	35,36
95,11	35,43
95,14	35,48
95,16	35,55
95,18	35,62
95,21	35,68
95,23	35,73
95,26	35,79
95,28	35,86
95,31	35,92
95,33	35,97
95,36	36,03
95,38	36,11
95,40	36,18
95,43	36,23
95,45	36,28
95,48	36,36
95,50	36,42
95,53	36,46
95,55	36,52
95,57	36,59
95,60	36,66
95,62	36,71
95,65	36,78
95,67	36,86
95,70	36,92
95,72	36,98
95,75	37,05
95,77	37,12
95,79	37,18
95,82	37,22
95,84	37,29
95,87	37,38
95,89	37,44
95,92	37,48
95,94	37,56
95,97	37,64
95,99	37,70
96,01	37,75
96,04	37,82
96,06	37,90
96,09	37,96
96,11	38,01
96,14	38,08
96,16	38,16
96,19	38,22
96,21	38,27
96,23	38,34
96,26	38,42
96,28	38,47
96,31	38,52
96,33	38,60
96,36	38,67
96,38	38,72
96,41	38,78
96,43	38,85
96,45	38,93
96,48	38,98
96,50	39,04
96,53	39,11
96,55	39,19
96,58	39,26
96,60	39,32
96,62	39,40
96,65	39,47
96,67	39,52
96,70	39,58
96,72	39,65
96,75	39,71
96,77	39,77
96,80	39,83
96,82	39,90
96,84	39,98
96,87	40,03
96,89	40,10
96,92	40,17
96,94	40,24
96,97	40,30
96,99	40,35
97,02	40,43
97,04	40,50
97,06	40,54
97,09	40,61
97,11	40,69
97,14	40,77
97,16	40,82
97,19	40,88
97,21	40,96
97,24	41,02
97,26	41,07
97,28	41,13
97,31	41,21
97,33	41,28
97,36	41,33
97,38	41,39
97,41	41,48
97,43	41,54
97,46	41,59
97,48	41,67
97,50	41,75
97,53	41,81
97,55	41,87
97,58	41,94
97,60	42,03
97,63	42,08
97,65	42,14
97,68	42,21
97,70	42,30
97,72	42,36
97,75	42,41
97,77	42,49
97,80	42,57
97,82	42,62
97,85	42,68
97,87	42,75
97,89	42,82
97,92	42,88
97,94	42,94
97,97	43,00
97,99	43,08
98,02	43,14
98,04	43,19
98,07	43,27
98,09	43,34
98,11	43,40
98,14	43,45
98,16	43,53
98,19	43,60
98,21	43,65
98,24	43,70
98,26	43,78
98,29	43,86
98,31	43,91
98,33	43,96
98,36	44,04
98,38	44,12
98,41	44,17
98,43	44,22
98,46	44,29
98,48	44,36
98,51	44,43
98,53	44,48
98,55	44,56
98,58	44,63
98,60	44,69
98,63	44,77
98,65	44,84
98,68	44,90
98,70	44,96
98,73	45,01
98,75	45,10
98,77	45,16
98,80	45,20
98,82	45,27
98,85	45,34
98,87	45,40
98,90	45,45
98,92	45,51
98,94	45,58
98,97	45,64
98,99	45,69
99,02	45,76
99,04	45,83
99,07	45,89
99,09	45,93
99,12	45,99
99,14	46,05
99,16	46,08
99,19	46,12
99,21	46,17
99,24	46,22
99,26	46,26
99,29	46,27
99,31	46,31
99,34	46,36
99,36	46,38
99,38	46,39
99,41	46,42
99,43	46,45
99,46	46,47
99,48	46,48
99,51	46,51
99,53	46,54
99,56	46,54
99,58	46,53
99,60	46,54
99,63	46,56
99,65	46,57
99,68	46,56
99,70	46,55
99,73	46,57
99,75	46,57
99,78	46,56
99,80	46,56
99,82	46,58
99,85	46,59
99,87	46,57
99,90	46,57
