Voltage U1	Corriente IA
U1/V	IA/nA

0,02	0,44
0,04	0,43
0,07	0,42
0,09	0,41
0,12	0,38
0,14	0,37
0,17	0,36
0,19	0,34
0,21	0,32
0,24	0,31
0,26	0,30
0,29	0,28
0,31	0,25
0,34	0,25
0,36	0,25
0,39	0,25
0,41	0,24
0,43	0,24
0,46	0,24
0,48	0,24
0,51	0,23
0,53	0,23
0,56	0,24
0,58	0,24
0,61	0,23
0,63	0,23
0,65	0,25
0,68	0,25
0,70	0,23
0,73	0,23
0,75	0,24
0,78	0,24
0,80	0,23
0,83	0,23
0,85	0,25
0,87	0,24
0,90	0,23
0,92	0,23
0,95	0,24
0,97	0,24
1,00	0,22
1,02	0,22
1,05	0,24
1,07	0,24
1,09	0,23
1,12	0,23
1,14	0,24
1,17	0,24
1,19	0,23
1,22	0,22
1,24	0,23
1,26	0,23
1,29	0,22
1,31	0,23
1,34	0,23
1,36	0,23
1,39	0,22
1,41	0,22
1,44	0,23
1,46	0,23
1,48	0,22
1,51	0,23
1,53	0,23
1,56	0,24
1,58	0,23
1,61	0,24
1,63	0,25
1,66	0,24
1,68	0,23
1,70	0,23
1,73	0,23
1,75	0,24
1,78	0,24
1,80	0,25
1,83	0,25
1,85	0,25
1,88	0,26
1,90	0,26
1,92	0,26
1,95	0,26
1,97	0,26
2,00	0,27
2,02	0,28
2,05	0,27
2,07	0,28
2,10	0,29
2,12	0,30
2,14	0,29
2,17	0,29
2,19	0,31
2,22	0,31
2,24	0,31
2,27	0,32
2,29	0,33
2,31	0,33
2,34	0,33
2,36	0,34
2,39	0,36
2,41	0,35
2,44	0,34
2,46	0,35
2,49	0,36
2,51	0,37
2,53	0,36
2,56	0,36
2,58	0,38
2,61	0,38
2,63	0,37
2,66	0,38
2,68	0,39
2,71	0,40
2,73	0,39
2,75	0,40
2,78	0,42
2,80	0,43
2,83	0,42
2,85	0,43
2,88	0,44
2,90	0,44
2,93	0,43
2,95	0,43
2,97	0,45
3,00	0,45
3,02	0,45
3,05	0,46
3,07	0,47
3,10	0,48
3,12	0,47
3,15	0,48
3,17	0,49
3,19	0,49
3,22	0,49
3,24	0,50
3,27	0,51
3,29	0,52
3,32	0,51
3,34	0,52
3,36	0,53
3,39	0,53
3,41	0,53
3,44	0,53
3,46	0,54
3,49	0,55
3,51	0,55
3,54	0,56
3,56	0,57
3,58	0,56
3,61	0,57
3,63	0,58
3,66	0,57
3,68	0,57
3,71	0,57
3,73	0,59
3,76	0,59
3,78	0,59
3,80	0,60
3,83	0,61
3,85	0,61
3,88	0,61
3,90	0,61
3,93	0,62
3,95	0,63
3,98	0,62
4,00	0,64
4,02	0,65
4,05	0,65
4,07	0,65
4,10	0,65
4,12	0,67
4,15	0,66
4,17	0,65
4,20	0,66
4,22	0,67
4,24	0,68
4,27	0,67
4,29	0,68
4,32	0,70
4,34	0,70
4,37	0,69
4,39	0,70
4,42	0,71
4,44	0,71
4,46	0,71
4,49	0,71
4,51	0,73
4,54	0,73
4,56	0,72
4,59	0,73
4,61	0,75
4,63	0,74
4,66	0,73
4,68	0,74
4,71	0,76
4,73	0,76
4,76	0,76
4,78	0,77
4,81	0,78
4,83	0,78
4,85	0,77
4,88	0,77
4,90	0,79
4,93	0,79
4,95	0,78
4,98	0,79
5,00	0,80
5,03	0,80
5,05	0,80
5,07	0,81
5,10	0,82
5,12	0,82
5,15	0,82
5,17	0,83
5,20	0,84
5,22	0,85
5,25	0,85
5,27	0,86
5,29	0,86
5,32	0,86
5,34	0,86
5,37	0,86
5,39	0,87
5,42	0,87
5,44	0,88
5,47	0,89
5,49	0,90
5,51	0,89
5,54	0,90
5,56	0,91
5,59	0,91
5,61	0,91
5,64	0,91
5,66	0,92
5,68	0,93
5,71	0,92
5,73	0,93
5,76	0,94
5,78	0,94
5,81	0,93
5,83	0,94
5,86	0,95
5,88	0,94
5,90	0,94
5,93	0,95
5,95	0,96
5,98	0,96
6,00	0,96
6,03	0,96
6,05	0,97
6,08	0,97
6,10	0,95
6,12	0,96
6,15	0,97
6,17	0,97
6,20	0,97
6,22	0,98
6,25	1,00
6,27	0,99
6,30	0,98
6,32	0,99
6,34	1,01
6,37	1,00
6,39	1,00
6,42	1,01
6,44	1,03
6,47	1,03
6,49	1,02
6,52	1,03
6,54	1,04
6,56	1,04
6,59	1,03
6,61	1,04
6,64	1,06
6,66	1,06
6,69	1,05
6,71	1,07
6,73	1,07
6,76	1,08
6,78	1,08
6,81	1,08
6,83	1,09
6,86	1,08
6,88	1,09
6,91	1,10
6,93	1,10
6,95	1,10
6,98	1,10
7,00	1,11
7,03	1,11
7,05	1,11
7,08	1,11
7,10	1,11
7,13	1,12
7,15	1,13
7,17	1,13
7,20	1,14
7,22	1,15
7,25	1,14
7,27	1,14
7,30	1,15
7,32	1,15
7,35	1,15
7,37	1,15
7,39	1,16
7,42	1,17
7,44	1,16
7,47	1,17
7,49	1,18
7,52	1,18
7,54	1,18
7,57	1,18
7,59	1,19
7,61	1,20
7,64	1,19
7,66	1,20
7,69	1,22
7,71	1,22
7,74	1,21
7,76	1,22
7,78	1,23
7,81	1,22
7,83	1,22
7,86	1,24
7,88	1,25
7,91	1,24
7,93	1,24
7,96	1,25
7,98	1,27
8,00	1,26
8,03	1,25
8,05	1,27
8,08	1,28
8,10	1,27
8,13	1,27
8,15	1,28
8,18	1,30
8,20	1,29
8,22	1,28
8,25	1,30
8,27	1,31
8,30	1,30
8,32	1,30
8,35	1,32
8,37	1,33
8,40	1,33
8,42	1,33
8,44	1,35
8,47	1,35
8,49	1,35
8,52	1,35
8,54	1,35
8,57	1,36
8,59	1,35
8,62	1,36
8,64	1,37
8,66	1,37
8,69	1,38
8,71	1,38
8,74	1,38
8,76	1,39
8,79	1,39
8,81	1,39
8,84	1,40
8,86	1,41
8,88	1,41
8,91	1,41
8,93	1,42
8,96	1,42
8,98	1,41
9,01	1,42
9,03	1,42
9,05	1,42
9,08	1,42
9,10	1,43
9,13	1,44
9,15	1,44
9,18	1,43
9,20	1,45
9,23	1,45
9,25	1,45
9,27	1,45
9,30	1,46
9,32	1,47
9,35	1,47
9,37	1,46
9,40	1,48
9,42	1,48
9,45	1,48
9,47	1,48
9,49	1,48
9,52	1,49
9,54	1,49
9,57	1,49
9,59	1,51
9,62	1,52
9,64	1,52
9,67	1,51
9,69	1,52
9,71	1,53
9,74	1,52
9,76	1,52
9,79	1,54
9,81	1,55
9,84	1,54
9,86	1,54
9,89	1,56
9,91	1,57
9,93	1,56
9,96	1,56
9,98	1,57
10,01	1,58
10,03	1,58
10,06	1,58
10,08	1,59
10,10	1,60
10,13	1,60
10,15	1,60
10,18	1,61
10,20	1,62
10,23	1,61
10,25	1,61
10,28	1,62
10,30	1,64
10,32	1,63
10,35	1,64
10,37	1,65
10,40	1,65
10,42	1,65
10,45	1,65
10,47	1,65
10,50	1,66
10,52	1,65
10,54	1,65
10,57	1,67
10,59	1,67
10,62	1,67
10,64	1,67
10,67	1,67
10,69	1,67
10,72	1,67
10,74	1,67
10,76	1,68
10,79	1,69
10,81	1,69
10,84	1,70
10,86	1,71
10,89	1,71
10,91	1,70
10,94	1,71
10,96	1,71
10,98	1,71
11,01	1,71
11,03	1,72
11,06	1,73
11,08	1,73
11,11	1,73
11,13	1,75
11,15	1,75
11,18	1,74
11,20	1,74
11,23	1,75
11,25	1,76
11,28	1,75
11,30	1,76
11,33	1,77
11,35	1,78
11,37	1,78
11,40	1,78
11,42	1,79
11,45	1,79
11,47	1,77
11,50	1,77
11,52	1,79
11,55	1,80
11,57	1,79
11,59	1,80
11,62	1,81
11,64	1,81
11,67	1,80
11,69	1,80
11,72	1,81
11,74	1,82
11,77	1,81
11,79	1,81
11,81	1,82
11,84	1,84
11,86	1,83
11,89	1,83
11,91	1,84
11,94	1,85
11,96	1,84
11,99	1,84
12,01	1,85
12,03	1,86
12,06	1,85
12,08	1,85
12,11	1,87
12,13	1,87
12,16	1,87
12,18	1,87
12,21	1,88
12,23	1,89
12,25	1,88
12,28	1,88
12,30	1,89
12,33	1,89
12,35	1,90
12,38	1,90
12,40	1,90
12,42	1,90
12,45	1,90
12,47	1,90
12,50	1,92
12,52	1,92
12,55	1,92
12,57	1,92
12,60	1,93
12,62	1,93
12,64	1,92
12,67	1,93
12,69	1,95
12,72	1,95
12,74	1,95
12,77	1,96
12,79	1,97
12,82	1,97
12,84	1,96
12,86	1,97
12,89	1,97
12,91	1,96
12,94	1,97
12,96	1,98
12,99	1,99
13,01	1,98
13,04	1,98
13,06	2,00
13,08	2,00
13,11	1,99
13,13	2,00
13,16	2,01
13,18	2,02
13,21	2,01
13,23	2,01
13,26	2,02
13,28	2,03
13,30	2,02
13,33	2,02
13,35	2,03
13,38	2,04
13,40	2,02
13,43	2,02
13,45	2,04
13,47	2,05
13,50	2,04
13,52	2,05
13,55	2,06
13,57	2,07
13,60	2,06
13,62	2,05
13,65	2,07
13,67	2,07
13,69	2,07
13,72	2,07
13,74	2,08
13,77	2,09
13,79	2,08
13,82	2,08
13,84	2,09
13,87	2,10
13,89	2,09
13,91	2,10
13,94	2,11
13,96	2,12
13,99	2,12
14,01	2,12
14,04	2,14
14,06	2,14
14,09	2,13
14,11	2,13
14,13	2,15
14,16	2,15
14,18	2,15
14,21	2,15
14,23	2,17
14,26	2,16
14,28	2,17
14,31	2,18
14,33	2,18
14,35	2,18
14,38	2,17
14,40	2,18
14,43	2,19
14,45	2,19
14,48	2,19
14,50	2,20
14,52	2,20
14,55	2,20
14,57	2,19
14,60	2,20
14,62	2,20
14,65	2,20
14,67	2,20
14,70	2,21
14,72	2,22
14,74	2,21
14,77	2,21
14,79	2,22
14,82	2,22
14,84	2,20
14,87	2,21
14,89	2,21
14,92	2,22
14,94	2,21
14,96	2,22
14,99	2,23
15,01	2,23
15,04	2,22
15,06	2,22
15,09	2,23
15,11	2,23
15,14	2,22
15,16	2,22
15,18	2,23
15,21	2,24
15,23	2,23
15,26	2,23
15,28	2,23
15,31	2,24
15,33	2,21
15,36	2,21
15,38	2,23
15,40	2,22
15,43	2,21
15,45	2,21
15,48	2,22
15,50	2,22
15,53	2,21
15,55	2,20
15,57	2,21
15,60	2,20
15,62	2,19
15,65	2,19
15,67	2,19
15,70	2,19
15,72	2,18
15,75	2,18
15,77	2,19
15,79	2,18
15,82	2,17
15,84	2,17
15,87	2,17
15,89	2,17
15,92	2,16
15,94	2,16
15,97	2,16
15,99	2,16
16,01	2,15
16,04	2,14
16,06	2,13
16,09	2,13
16,11	2,12
16,14	2,12
16,16	2,12
16,19	2,11
16,21	2,11
16,23	2,11
16,26	2,10
16,28	2,09
16,31	2,07
16,33	2,07
16,36	2,07
16,38	2,05
16,41	2,05
16,43	2,05
16,45	2,03
16,48	2,02
16,50	2,01
16,53	2,01
16,55	1,99
16,58	1,98
16,60	1,97
16,63	1,97
16,65	1,96
16,67	1,94
16,70	1,93
16,72	1,94
16,75	1,92
16,77	1,90
16,80	1,89
16,82	1,89
16,84	1,88
16,87	1,86
16,89	1,85
16,92	1,86
16,94	1,84
16,97	1,82
16,99	1,81
17,02	1,82
17,04	1,80
17,06	1,79
17,09	1,78
17,11	1,79
17,14	1,77
17,16	1,75
17,19	1,74
17,21	1,74
17,24	1,73
17,26	1,70
17,28	1,69
17,31	1,70
17,33	1,69
17,36	1,67
17,38	1,66
17,41	1,66
17,43	1,65
17,46	1,62
17,48	1,61
17,50	1,61
17,53	1,60
17,55	1,58
17,58	1,58
17,60	1,57
17,63	1,56
17,65	1,54
17,68	1,53
17,70	1,52
17,72	1,51
17,75	1,49
17,77	1,48
17,80	1,47
17,82	1,47
17,85	1,45
17,87	1,45
17,89	1,44
17,92	1,42
17,94	1,41
17,97	1,40
17,99	1,38
18,02	1,37
18,04	1,35
18,07	1,35
18,09	1,34
18,11	1,32
18,14	1,31
18,16	1,31
18,19	1,29
18,21	1,27
18,24	1,26
18,26	1,26
18,29	1,25
18,31	1,23
18,33	1,23
18,36	1,23
18,38	1,22
18,41	1,20
18,43	1,19
18,46	1,19
18,48	1,17
18,51	1,15
18,53	1,15
18,55	1,15
18,58	1,14
18,60	1,12
18,63	1,12
18,65	1,12
18,68	1,11
18,70	1,09
18,73	1,08
18,75	1,08
18,77	1,07
18,80	1,06
18,82	1,06
18,85	1,07
18,87	1,06
18,90	1,03
18,92	1,03
18,94	1,03
18,97	1,02
18,99	1,00
19,02	1,00
19,04	1,02
19,07	1,00
19,09	0,99
19,12	0,99
19,14	1,00
19,16	0,99
19,19	0,97
19,21	0,97
19,24	0,98
19,26	0,97
19,29	0,97
19,31	0,97
19,34	0,98
19,36	0,98
19,38	0,97
19,41	0,97
19,43	0,98
19,46	0,98
19,48	0,97
19,51	0,98
19,53	0,99
19,56	0,99
19,58	0,99
19,60	1,00
19,63	1,01
19,65	1,01
19,68	1,01
19,70	1,02
19,73	1,02
19,75	1,03
19,78	1,04
19,80	1,05
19,82	1,06
19,85	1,06
19,87	1,07
19,90	1,09
19,92	1,09
19,95	1,09
19,97	1,10
19,99	1,12
20,02	1,13
20,04	1,14
20,07	1,15
20,09	1,17
20,12	1,17
20,14	1,18
20,17	1,19
20,19	1,21
20,21	1,22
20,24	1,23
20,26	1,25
20,29	1,27
20,31	1,28
20,34	1,28
20,36	1,30
20,39	1,32
20,41	1,32
20,43	1,33
20,46	1,35
20,48	1,37
20,51	1,38
20,53	1,39
20,56	1,40
20,58	1,43
20,61	1,44
20,63	1,43
20,65	1,46
20,68	1,47
20,70	1,48
20,73	1,49
20,75	1,51
20,78	1,54
20,80	1,54
20,83	1,55
20,85	1,57
20,87	1,59
20,90	1,60
20,92	1,60
20,95	1,63
20,97	1,65
21,00	1,66
21,02	1,67
21,05	1,69
21,07	1,71
21,09	1,72
21,12	1,73
21,14	1,75
21,17	1,77
21,19	1,78
21,22	1,80
21,24	1,82
21,26	1,84
21,29	1,85
21,31	1,87
21,34	1,89
21,36	1,91
21,39	1,92
21,41	1,93
21,44	1,96
21,46	1,97
21,48	1,99
21,51	2,00
21,53	2,03
21,56	2,04
21,58	2,05
21,61	2,07
21,63	2,08
21,66	2,10
21,68	2,11
21,70	2,13
21,73	2,15
21,75	2,17
21,78	2,17
21,80	2,19
21,83	2,21
21,85	2,22
21,88	2,23
21,90	2,25
21,92	2,27
21,95	2,29
21,97	2,30
22,00	2,32
22,02	2,34
22,05	2,35
22,07	2,36
22,10	2,39
22,12	2,41
22,14	2,41
22,17	2,43
22,19	2,46
22,22	2,48
22,24	2,49
22,27	2,50
22,29	2,53
22,31	2,55
22,34	2,55
22,36	2,55
22,39	2,58
22,41	2,60
22,44	2,61
22,46	2,62
22,49	2,65
22,51	2,68
22,53	2,68
22,56	2,69
22,58	2,72
22,61	2,73
22,63	2,74
22,66	2,75
22,68	2,78
22,71	2,80
22,73	2,81
22,75	2,82
22,78	2,84
22,80	2,86
22,83	2,87
22,85	2,87
22,88	2,89
22,90	2,91
22,93	2,92
22,95	2,93
22,97	2,95
23,00	2,97
23,02	2,99
23,05	3,00
23,07	3,01
23,10	3,03
23,12	3,04
23,15	3,05
23,17	3,07
23,19	3,08
23,22	3,10
23,24	3,11
23,27	3,13
23,29	3,15
23,32	3,15
23,34	3,16
23,36	3,18
23,39	3,20
23,41	3,21
23,44	3,22
23,46	3,24
23,49	3,25
23,51	3,26
23,54	3,28
23,56	3,29
23,58	3,30
23,61	3,31
23,63	3,32
23,66	3,34
23,68	3,35
23,71	3,36
23,73	3,38
23,76	3,40
23,78	3,40
23,80	3,41
23,83	3,43
23,85	3,45
23,88	3,45
23,90	3,46
23,93	3,47
23,95	3,49
23,98	3,49
24,00	3,50
24,02	3,52
24,05	3,54
24,07	3,53
24,10	3,54
24,12	3,57
24,15	3,58
24,17	3,59
24,20	3,60
24,22	3,62
24,24	3,64
24,27	3,64
24,29	3,64
24,32	3,67
24,34	3,68
24,37	3,68
24,39	3,69
24,42	3,71
24,44	3,74
24,46	3,74
24,49	3,74
24,51	3,76
24,54	3,78
24,56	3,78
24,59	3,79
24,61	3,81
24,63	3,83
24,66	3,84
24,68	3,84
24,71	3,86
24,73	3,87
24,76	3,88
24,78	3,88
24,81	3,89
24,83	3,91
24,85	3,91
24,88	3,92
24,90	3,94
24,93	3,95
24,95	3,96
24,98	3,97
25,00	3,98
25,03	3,99
25,05	3,99
25,07	4,00
25,10	4,02
25,12	4,03
25,15	4,03
25,17	4,04
25,20	4,06
25,22	4,07
25,25	4,07
25,27	4,08
25,29	4,09
25,32	4,10
25,34	4,11
25,37	4,12
25,39	4,14
25,42	4,15
25,44	4,15
25,47	4,17
25,49	4,18
25,51	4,18
25,54	4,19
25,56	4,21
25,59	4,22
25,61	4,22
25,64	4,22
25,66	4,25
25,68	4,26
25,71	4,26
25,73	4,27
25,76	4,28
25,78	4,29
25,81	4,29
25,83	4,30
25,86	4,33
25,88	4,34
25,90	4,33
25,93	4,34
25,95	4,35
25,98	4,36
26,00	4,36
26,03	4,36
26,05	4,38
26,08	4,39
26,10	4,39
26,12	4,40
26,15	4,41
26,17	4,43
26,20	4,42
26,22	4,42
26,25	4,44
26,27	4,45
26,30	4,45
26,32	4,46
26,34	4,47
26,37	4,48
26,39	4,48
26,42	4,48
26,44	4,50
26,47	4,51
26,49	4,51
26,52	4,51
26,54	4,53
26,56	4,54
26,59	4,54
26,61	4,55
26,64	4,56
26,66	4,57
26,69	4,58
26,71	4,58
26,73	4,59
26,76	4,59
26,78	4,59
26,81	4,61
26,83	4,61
26,86	4,63
26,88	4,64
26,91	4,64
26,93	4,64
26,95	4,65
26,98	4,65
27,00	4,66
27,03	4,66
27,05	4,68
27,08	4,69
27,10	4,69
27,13	4,70
27,15	4,71
27,17	4,72
27,20	4,72
27,22	4,72
27,25	4,75
27,27	4,75
27,30	4,74
27,32	4,75
27,35	4,77
27,37	4,77
27,39	4,78
27,42	4,77
27,44	4,79
27,47	4,78
27,49	4,79
27,52	4,79
27,54	4,79
27,57	4,81
27,59	4,82
27,61	4,81
27,64	4,82
27,66	4,83
27,69	4,84
27,71	4,83
27,74	4,84
27,76	4,86
27,78	4,86
27,81	4,86
27,83	4,86
27,86	4,87
27,88	4,88
27,91	4,87
27,93	4,86
27,96	4,88
27,98	4,89
28,00	4,88
28,03	4,89
28,05	4,90
28,08	4,91
28,10	4,91
28,13	4,91
28,15	4,93
28,18	4,93
28,20	4,92
28,22	4,93
28,25	4,94
28,27	4,95
28,30	4,94
28,32	4,95
28,35	4,96
28,37	4,96
28,40	4,96
28,42	4,96
28,44	4,97
28,47	4,98
28,49	4,98
28,52	4,99
28,54	5,00
28,57	5,00
28,59	5,00
28,62	5,01
28,64	5,01
28,66	5,02
28,69	5,02
28,71	5,03
28,74	5,04
28,76	5,04
28,79	5,04
28,81	5,05
28,84	5,05
28,86	5,06
28,88	5,06
28,91	5,07
28,93	5,07
28,96	5,07
28,98	5,09
29,01	5,10
29,03	5,11
29,05	5,11
29,08	5,11
29,10	5,12
29,13	5,12
29,15	5,11
29,18	5,11
29,20	5,12
29,23	5,13
29,25	5,13
29,27	5,13
29,30	5,15
29,32	5,15
29,35	5,14
29,37	5,15
29,40	5,16
29,42	5,16
29,45	5,16
29,47	5,16
29,49	5,18
29,52	5,19
29,54	5,18
29,57	5,18
29,59	5,19
29,62	5,20
29,64	5,19
29,67	5,19
29,69	5,21
29,71	5,21
29,74	5,20
29,76	5,21
29,79	5,22
29,81	5,23
29,84	5,22
29,86	5,22
29,89	5,23
29,91	5,23
29,93	5,23
29,96	5,23
29,98	5,25
30,01	5,25
30,03	5,24
30,06	5,25
30,08	5,26
30,10	5,26
30,13	5,26
30,15	5,27
30,18	5,28
30,20	5,29
30,23	5,28
30,25	5,30
30,28	5,30
30,30	5,30
30,32	5,30
30,35	5,30
30,37	5,31
30,40	5,31
30,42	5,31
30,45	5,32
30,47	5,33
30,50	5,32
30,52	5,33
30,54	5,34
30,57	5,34
30,59	5,34
30,62	5,34
30,64	5,35
30,67	5,35
30,69	5,35
30,72	5,35
30,74	5,36
30,76	5,36
30,79	5,36
30,81	5,36
30,84	5,37
30,86	5,36
30,89	5,36
30,91	5,37
30,94	5,38
30,96	5,38
30,98	5,38
31,01	5,38
31,03	5,39
31,06	5,39
31,08	5,38
31,11	5,39
31,13	5,40
31,15	5,41
31,18	5,40
31,20	5,40
31,23	5,42
31,25	5,42
31,28	5,41
31,30	5,41
31,33	5,42
31,35	5,42
31,37	5,41
31,40	5,42
31,42	5,44
31,45	5,44
31,47	5,43
31,50	5,43
31,52	5,44
31,55	5,43
31,57	5,42
31,59	5,42
31,62	5,44
31,64	5,42
31,67	5,42
31,69	5,42
31,72	5,43
31,74	5,43
31,77	5,42
31,79	5,41
31,81	5,41
31,84	5,40
31,86	5,39
31,89	5,39
31,91	5,39
31,94	5,38
31,96	5,37
31,99	5,37
32,01	5,37
32,03	5,35
32,06	5,34
32,08	5,33
32,11	5,32
32,13	5,31
32,16	5,30
32,18	5,30
32,20	5,29
32,23	5,27
32,25	5,26
32,28	5,24
32,30	5,22
32,33	5,20
32,35	5,18
32,38	5,17
32,40	5,15
32,42	5,13
32,45	5,12
32,47	5,11
32,50	5,08
32,52	5,06
32,55	5,04
32,57	5,02
32,60	5,00
32,62	4,97
32,64	4,96
32,67	4,95
32,69	4,92
32,72	4,89
32,74	4,87
32,77	4,85
32,79	4,81
32,82	4,78
32,84	4,76
32,86	4,75
32,89	4,72
32,91	4,68
32,94	4,65
32,96	4,64
32,99	4,61
33,01	4,56
33,04	4,54
33,06	4,52
33,08	4,49
33,11	4,45
33,13	4,42
33,16	4,40
33,18	4,37
33,21	4,32
33,23	4,30
33,26	4,28
33,28	4,24
33,30	4,19
33,33	4,17
33,35	4,16
33,38	4,12
33,40	4,08
33,43	4,06
33,45	4,03
33,47	3,99
33,50	3,95
33,52	3,92
33,55	3,90
33,57	3,86
33,60	3,82
33,62	3,80
33,65	3,78
33,67	3,75
33,69	3,71
33,72	3,68
33,74	3,65
33,77	3,61
33,79	3,58
33,82	3,56
33,84	3,53
33,87	3,50
33,89	3,46
33,91	3,43
33,94	3,40
33,96	3,37
33,99	3,33
34,01	3,30
34,04	3,27
34,06	3,24
34,09	3,21
34,11	3,19
34,13	3,16
34,16	3,13
34,18	3,10
34,21	3,07
34,23	3,03
34,26	2,99
34,28	2,96
34,31	2,94
34,33	2,91
34,35	2,87
34,38	2,85
34,40	2,83
34,43	2,79
34,45	2,76
34,48	2,73
34,50	2,71
34,52	2,68
34,55	2,65
34,57	2,63
34,60	2,61
34,62	2,57
34,65	2,54
34,67	2,52
34,70	2,50
34,72	2,46
34,74	2,43
34,77	2,42
34,79	2,40
34,82	2,37
34,84	2,34
34,87	2,32
34,89	2,31
34,92	2,28
34,94	2,24
34,96	2,23
34,99	2,21
35,01	2,18
35,04	2,15
35,06	2,14
35,09	2,12
35,11	2,10
35,14	2,07
35,16	2,05
35,18	2,03
35,21	2,01
35,23	1,98
35,26	1,97
35,28	1,97
35,31	1,94
35,33	1,92
35,36	1,90
35,38	1,89
35,40	1,86
35,43	1,83
35,45	1,81
35,48	1,80
35,50	1,78
35,53	1,76
35,55	1,75
35,57	1,74
35,60	1,72
35,62	1,70
35,65	1,69
35,67	1,68
35,70	1,66
35,72	1,65
35,75	1,65
35,77	1,64
35,79	1,62
35,82	1,61
35,84	1,60
35,87	1,60
35,89	1,58
35,92	1,57
35,94	1,56
35,97	1,56
35,99	1,55
36,01	1,55
36,04	1,56
36,06	1,56
36,09	1,54
36,11	1,55
36,14	1,56
36,16	1,55
36,19	1,55
36,21	1,56
36,23	1,57
36,26	1,57
36,28	1,56
36,31	1,58
36,33	1,59
36,36	1,59
36,38	1,59
36,41	1,61
36,43	1,62
36,45	1,63
36,48	1,63
36,50	1,66
36,53	1,68
36,55	1,69
36,58	1,70
36,60	1,72
36,62	1,74
36,65	1,74
36,67	1,74
36,70	1,77
36,72	1,80
36,75	1,80
36,77	1,82
36,80	1,84
36,82	1,87
36,84	1,88
36,87	1,89
36,89	1,93
36,92	1,95
36,94	1,96
36,97	1,98
36,99	2,02
37,02	2,04
37,04	2,06
37,06	2,07
37,09	2,11
37,11	2,13
37,14	2,15
37,16	2,16
37,19	2,19
37,21	2,23
37,24	2,25
37,26	2,27
37,28	2,30
37,31	2,33
37,33	2,36
37,36	2,37
37,38	2,40
37,41	2,43
37,43	2,45
37,46	2,48
37,48	2,51
37,50	2,54
37,53	2,57
37,55	2,59
37,58	2,62
37,60	2,65
37,63	2,67
37,65	2,69
37,68	2,73
37,70	2,76
37,72	2,79
37,75	2,82
37,77	2,85
37,80	2,88
37,82	2,90
37,85	2,93
37,87	2,96
37,89	2,98
37,92	3,01
37,94	3,04
37,97	3,08
37,99	3,11
38,02	3,13
38,04	3,17
38,07	3,21
38,09	3,22
38,11	3,25
38,14	3,28
38,16	3,32
38,19	3,34
38,21	3,37
38,24	3,41
38,26	3,44
38,29	3,46
38,31	3,49
38,33	3,53
38,36	3,57
38,38	3,58
38,41	3,61
38,43	3,66
38,46	3,69
38,48	3,72
38,51	3,75
38,53	3,79
38,55	3,82
38,58	3,84
38,60	3,86
38,63	3,90
38,65	3,94
38,68	3,97
38,70	3,99
38,73	4,04
38,75	4,08
38,77	4,10
38,80	4,12
38,82	4,16
38,85	4,19
38,87	4,22
38,90	4,25
38,92	4,29
38,94	4,33
38,97	4,35
38,99	4,38
39,02	4,42
39,04	4,45
39,07	4,48
39,09	4,50
39,12	4,54
39,14	4,58
39,16	4,60
39,19	4,63
39,21	4,67
39,24	4,70
39,26	4,73
39,29	4,76
39,31	4,79
39,34	4,82
39,36	4,84
39,38	4,87
39,41	4,91
39,43	4,94
39,46	4,97
39,48	5,00
39,51	5,04
39,53	5,06
39,56	5,08
39,58	5,12
39,60	5,14
39,63	5,17
39,65	5,20
39,68	5,23
39,70	5,27
39,73	5,29
39,75	5,31
39,78	5,35
39,80	5,38
39,82	5,39
39,85	5,42
39,87	5,45
39,90	5,48
39,92	5,50
39,95	5,53
39,97	5,57
39,99	5,59
40,02	5,61
40,04	5,63
40,07	5,66
40,09	5,69
40,12	5,71
40,14	5,74
40,17	5,78
40,19	5,81
40,21	5,82
40,24	5,84
40,26	5,88
40,29	5,90
40,31	5,91
40,34	5,94
40,36	5,98
40,39	6,00
40,41	6,02
40,43	6,04
40,46	6,07
40,48	6,11
40,51	6,13
40,53	6,14
40,56	6,18
40,58	6,20
40,61	6,22
40,63	6,24
40,65	6,28
40,68	6,31
40,70	6,32
40,73	6,34
40,75	6,38
40,78	6,40
40,80	6,41
40,83	6,44
40,85	6,47
40,87	6,50
40,90	6,52
40,92	6,54
40,95	6,57
40,97	6,59
41,00	6,61
41,02	6,63
41,05	6,65
41,07	6,67
41,09	6,69
41,12	6,71
41,14	6,74
41,17	6,76
41,19	6,78
41,22	6,81
41,24	6,84
41,26	6,85
41,29	6,87
41,31	6,89
41,34	6,92
41,36	6,94
41,39	6,96
41,41	6,98
41,44	7,01
41,46	7,03
41,48	7,04
41,51	7,07
41,53	7,09
41,56	7,11
41,58	7,13
41,61	7,16
41,63	7,19
41,66	7,21
41,68	7,22
41,70	7,26
41,73	7,28
41,75	7,28
41,78	7,30
41,80	7,33
41,83	7,35
41,85	7,36
41,88	7,38
41,90	7,41
41,92	7,43
41,95	7,44
41,97	7,46
42,00	7,49
42,02	7,51
42,05	7,52
42,07	7,54
42,10	7,58
42,12	7,60
42,14	7,61
42,17	7,63
42,19	7,65
42,22	7,67
42,24	7,68
42,27	7,69
42,29	7,72
42,31	7,74
42,34	7,75
42,36	7,77
42,39	7,80
42,41	7,83
42,44	7,83
42,46	7,84
42,49	7,88
42,51	7,89
42,53	7,90
42,56	7,92
42,58	7,95
42,61	7,97
42,63	7,98
42,66	7,99
42,68	8,02
42,71	8,04
42,73	8,04
42,75	8,06
42,78	8,08
42,80	8,11
42,83	8,11
42,85	8,13
42,88	8,16
42,90	8,16
42,93	8,18
42,95	8,20
42,97	8,21
43,00	8,22
43,02	8,23
43,05	8,25
43,07	8,27
43,10	8,28
43,12	8,30
43,15	8,32
43,17	8,33
43,19	8,34
43,22	8,35
43,24	8,38
43,27	8,39
43,29	8,40
43,32	8,43
43,34	8,45
43,36	8,46
43,39	8,47
43,41	8,48
43,44	8,50
43,46	8,51
43,49	8,52
43,51	8,54
43,54	8,56
43,56	8,58
43,58	8,59
43,61	8,60
43,63	8,63
43,66	8,65
43,68	8,65
43,71	8,66
43,73	8,68
43,76	8,70
43,78	8,70
43,80	8,71
43,83	8,74
43,85	8,76
43,88	8,76
43,90	8,77
43,93	8,79
43,95	8,81
43,98	8,80
44,00	8,81
44,02	8,85
44,05	8,86
44,07	8,86
44,10	8,88
44,12	8,90
44,15	8,90
44,17	8,90
44,20	8,91
44,22	8,94
44,24	8,94
44,27	8,94
44,29	8,96
44,32	8,97
44,34	8,99
44,37	8,99
44,39	9,00
44,41	9,02
44,44	9,02
44,46	9,03
44,49	9,05
44,51	9,06
44,54	9,07
44,56	9,07
44,59	9,09
44,61	9,11
44,63	9,11
44,66	9,12
44,68	9,13
44,71	9,14
44,73	9,15
44,76	9,16
44,78	9,18
44,81	9,19
44,83	9,20
44,85	9,21
44,88	9,23
44,90	9,23
44,93	9,24
44,95	9,25
44,98	9,27
45,00	9,28
45,03	9,29
45,05	9,30
45,07	9,32
45,10	9,33
45,12	9,33
45,15	9,34
45,17	9,36
45,20	9,37
45,22	9,37
45,25	9,39
45,27	9,41
45,29	9,41
45,32	9,42
45,34	9,43
45,37	9,45
45,39	9,45
45,42	9,44
45,44	9,45
45,47	9,47
45,49	9,48
45,51	9,48
45,54	9,49
45,56	9,51
45,59	9,52
45,61	9,51
45,64	9,53
45,66	9,54
45,68	9,55
45,71	9,55
45,73	9,56
45,76	9,58
45,78	9,58
45,81	9,58
45,83	9,59
45,86	9,61
45,88	9,62
45,90	9,61
45,93	9,62
45,95	9,65
45,98	9,65
46,00	9,65
46,03	9,67
46,05	9,68
46,08	9,69
46,10	9,69
46,12	9,69
46,15	9,71
46,17	9,71
46,20	9,71
46,22	9,73
46,25	9,74
46,27	9,75
46,30	9,75
46,32	9,76
46,34	9,78
46,37	9,77
46,39	9,78
46,42	9,79
46,44	9,81
46,47	9,82
46,49	9,82
46,52	9,83
46,54	9,85
46,56	9,84
46,59	9,85
46,61	9,85
46,64	9,87
46,66	9,87
46,69	9,87
46,71	9,89
46,73	9,90
46,76	9,90
46,78	9,92
46,81	9,93
46,83	9,93
46,86	9,94
46,88	9,94
46,91	9,96
46,93	9,96
46,95	9,96
46,98	9,97
47,00	9,99
47,03	9,99
47,05	9,99
47,08	10,00
47,10	10,02
47,13	10,02
47,15	10,02
47,17	10,03
47,20	10,04
47,22	10,05
47,25	10,05
47,27	10,06
47,30	10,07
47,32	10,07
47,35	10,05
47,37	10,07
47,39	10,08
47,42	10,09
47,44	10,09
47,47	10,10
47,49	10,12
47,52	10,12
47,54	10,11
47,57	10,12
47,59	10,14
47,61	10,14
47,64	10,14
47,66	10,15
47,69	10,17
47,71	10,17
47,74	10,17
47,76	10,18
47,78	10,19
47,81	10,19
47,83	10,18
47,86	10,20
47,88	10,21
47,91	10,21
47,93	10,21
47,96	10,23
47,98	10,24
48,00	10,24
48,03	10,24
48,05	10,24
48,08	10,25
48,10	10,25
48,13	10,25
48,15	10,26
48,18	10,27
48,20	10,27
48,22	10,26
48,25	10,27
48,27	10,28
48,30	10,27
48,32	10,27
48,35	10,27
48,37	10,27
48,40	10,28
48,42	10,28
48,44	10,28
48,47	10,28
48,49	10,27
48,52	10,27
48,54	10,27
48,57	10,26
48,59	10,25
48,62	10,24
48,64	10,25
48,66	10,25
48,69	10,23
48,71	10,23
48,74	10,23
48,76	10,22
48,79	10,20
48,81	10,19
48,84	10,19
48,86	10,18
48,88	10,16
48,91	10,15
48,93	10,14
48,96	10,12
48,98	10,09
49,01	10,07
49,03	10,06
49,05	10,03
49,08	10,00
49,10	9,99
49,13	9,97
49,15	9,94
49,18	9,92
49,20	9,90
49,23	9,89
49,25	9,85
49,27	9,81
49,30	9,79
49,32	9,76
49,35	9,73
49,37	9,69
49,40	9,66
49,42	9,64
49,45	9,59
49,47	9,55
49,49	9,53
49,52	9,50
49,54	9,46
49,57	9,42
49,59	9,39
49,62	9,36
49,64	9,32
49,67	9,28
49,69	9,25
49,71	9,21
49,74	9,17
49,76	9,13
49,79	9,08
49,81	9,05
49,84	9,01
49,86	8,97
49,89	8,94
49,91	8,90
49,93	8,86
49,96	8,81
49,98	8,78
50,01	8,74
50,03	8,69
50,06	8,65
50,08	8,62
50,10	8,58
50,13	8,53
50,15	8,49
50,18	8,45
50,20	8,41
50,23	8,36
50,25	8,32
50,28	8,28
50,30	8,25
50,32	8,21
50,35	8,17
50,37	8,14
50,40	8,09
50,42	8,04
50,45	8,01
50,47	7,97
50,50	7,92
50,52	7,87
50,54	7,83
50,57	7,80
50,59	7,75
50,62	7,70
50,64	7,67
50,67	7,64
50,69	7,59
50,72	7,54
50,74	7,50
50,76	7,47
50,79	7,42
50,81	7,37
50,84	7,35
50,86	7,31
50,89	7,25
50,91	7,21
50,94	7,17
50,96	7,13
50,98	7,07
51,01	7,02
51,03	7,00
51,06	6,96
51,08	6,91
51,11	6,87
51,13	6,83
51,15	6,80
51,18	6,75
51,20	6,70
51,23	6,67
51,25	6,63
51,28	6,58
51,30	6,54
51,33	6,51
51,35	6,47
51,37	6,42
51,40	6,37
51,42	6,34
51,45	6,30
51,47	6,25
51,50	6,21
51,52	6,18
51,55	6,15
51,57	6,10
51,59	6,06
51,62	6,03
51,64	5,99
51,67	5,94
51,69	5,89
51,72	5,86
51,74	5,82
51,77	5,78
51,79	5,74
51,81	5,71
51,84	5,67
51,86	5,63
51,89	5,59
51,91	5,56
51,94	5,53
51,96	5,48
51,99	5,45
52,01	5,42
52,03	5,38
52,06	5,34
52,08	5,31
52,11	5,28
52,13	5,25
52,16	5,21
52,18	5,18
52,20	5,15
52,23	5,11
52,25	5,08
52,28	5,05
52,30	5,03
52,33	5,00
52,35	4,96
52,38	4,94
52,40	4,92
52,42	4,88
52,45	4,85
52,47	4,83
52,50	4,81
52,52	4,78
52,55	4,75
52,57	4,74
52,60	4,73
52,62	4,69
52,64	4,67
52,67	4,65
52,69	4,64
52,72	4,62
52,74	4,60
52,77	4,60
52,79	4,59
52,82	4,56
52,84	4,54
52,86	4,54
52,89	4,53
52,91	4,50
52,94	4,49
52,96	4,49
52,99	4,48
53,01	4,47
53,04	4,46
53,06	4,47
53,08	4,47
53,11	4,46
53,13	4,45
53,16	4,46
53,18	4,46
53,21	4,45
53,23	4,45
53,26	4,46
53,28	4,47
53,30	4,46
53,33	4,47
53,35	4,48
53,38	4,49
53,40	4,49
53,43	4,48
53,45	4,50
53,47	4,52
53,50	4,52
53,52	4,53
53,55	4,55
53,57	4,57
53,60	4,57
53,62	4,58
53,65	4,60
53,67	4,61
53,69	4,62
53,72	4,63
53,74	4,66
53,77	4,67
53,79	4,68
53,82	4,69
53,84	4,72
53,87	4,73
53,89	4,74
53,91	4,76
53,94	4,77
53,96	4,80
53,99	4,82
54,01	4,83
54,04	4,84
54,06	4,87
54,09	4,89
54,11	4,90
54,13	4,91
54,16	4,94
54,18	4,96
54,21	4,97
54,23	4,99
54,26	5,02
54,28	5,04
54,31	5,06
54,33	5,07
54,35	5,10
54,38	5,12
54,40	5,13
54,43	5,15
54,45	5,18
54,48	5,20
54,50	5,22
54,52	5,24
54,55	5,27
54,57	5,29
54,60	5,32
54,62	5,33
54,65	5,35
54,67	5,40
54,70	5,42
54,72	5,44
54,74	5,45
54,77	5,49
54,79	5,52
54,82	5,53
54,84	5,55
54,87	5,59
54,89	5,62
54,92	5,64
54,94	5,66
54,96	5,71
54,99	5,75
55,01	5,76
55,04	5,79
55,06	5,83
55,09	5,86
55,11	5,88
55,14	5,91
55,16	5,96
55,18	6,00
55,21	6,02
55,23	6,05
55,26	6,09
55,28	6,13
55,31	6,15
55,33	6,18
55,36	6,23
55,38	6,27
55,40	6,30
55,43	6,34
55,45	6,38
55,48	6,41
55,50	6,45
55,53	6,49
55,55	6,52
55,57	6,56
55,60	6,59
55,62	6,63
55,65	6,67
55,67	6,70
55,70	6,73
55,72	6,78
55,75	6,82
55,77	6,85
55,79	6,88
55,82	6,93
55,84	6,96
55,87	6,98
55,89	7,03
55,92	7,07
55,94	7,12
55,97	7,15
55,99	7,18
56,01	7,22
56,04	7,26
56,06	7,28
56,09	7,32
56,11	7,37
56,14	7,41
56,16	7,44
56,19	7,47
56,21	7,52
56,23	7,56
56,26	7,59
56,28	7,62
56,31	7,67
56,33	7,72
56,36	7,75
56,38	7,78
56,41	7,83
56,43	7,87
56,45	7,90
56,48	7,94
56,50	7,99
56,53	8,03
56,55	8,05
56,58	8,09
56,60	8,14
56,62	8,18
56,65	8,21
56,67	8,25
56,70	8,30
56,72	8,34
56,75	8,36
56,77	8,39
56,80	8,45
56,82	8,48
56,84	8,51
56,87	8,55
56,89	8,60
56,92	8,64
56,94	8,66
56,97	8,70
56,99	8,74
57,02	8,78
57,04	8,80
57,06	8,85
57,09	8,90
57,11	8,94
57,14	8,97
57,16	9,01
57,19	9,06
57,21	9,10
57,24	9,13
57,26	9,17
57,28	9,20
57,31	9,24
57,33	9,27
57,36	9,32
57,38	9,36
57,41	9,40
57,43	9,44
57,46	9,48
57,48	9,52
57,50	9,55
57,53	9,58
57,55	9,64
57,58	9,68
57,60	9,71
57,63	9,75
57,65	9,80
57,68	9,84
57,70	9,87
57,72	9,90
57,75	9,95
57,77	9,98
57,80	10,01
57,82	10,06
57,85	10,10
57,87	10,14
57,89	10,17
57,92	10,21
57,94	10,26
57,97	10,30
57,99	10,32
58,02	10,36
58,04	10,41
58,07	10,44
58,09	10,47
58,11	10,51
58,14	10,56
58,16	10,60
58,19	10,62
58,21	10,65
58,24	10,70
58,26	10,74
58,29	10,77
58,31	10,81
58,33	10,87
58,36	10,90
58,38	10,93
58,41	10,97
58,43	11,01
58,46	11,04
58,48	11,06
58,51	11,10
58,53	11,16
58,55	11,19
58,58	11,22
58,60	11,26
58,63	11,30
58,65	11,35
58,68	11,37
58,70	11,40
58,73	11,45
58,75	11,48
58,77	11,51
58,80	11,56
58,82	11,60
58,85	11,63
58,87	11,66
58,90	11,70
58,92	11,74
58,94	11,77
58,97	11,80
58,99	11,83
59,02	11,88
59,04	11,92
59,07	11,95
59,09	11,99
59,12	12,03
59,14	12,06
59,16	12,09
59,19	12,13
59,21	12,16
59,24	12,19
59,26	12,22
59,29	12,26
59,31	12,30
59,34	12,32
59,36	12,36
59,38	12,41
59,41	12,44
59,43	12,47
59,46	12,49
59,48	12,53
59,51	12,57
59,53	12,60
59,56	12,63
59,58	12,67
59,60	12,71
59,63	12,73
59,65	12,76
59,68	12,81
59,70	12,83
59,73	12,85
59,75	12,89
59,78	12,93
59,80	12,96
59,82	12,98
59,85	13,02
59,87	13,07
59,90	13,09
59,92	13,11
59,95	13,14
59,97	13,18
59,99	13,21
60,02	13,24
60,04	13,27
60,07	13,32
60,09	13,34
60,12	13,36
60,14	13,40
60,17	13,44
60,19	13,47
60,21	13,49
60,24	13,53
60,26	13,58
60,29	13,60
60,31	13,62
60,34	13,65
60,36	13,69
60,39	13,72
60,41	13,73
60,43	13,76
60,46	13,81
60,48	13,83
60,51	13,85
60,53	13,89
60,56	13,92
60,58	13,95
60,61	13,97
60,63	14,00
60,65	14,04
60,68	14,06
60,70	14,08
60,73	14,11
60,75	14,15
60,78	14,17
60,80	14,19
60,83	14,22
60,85	14,26
60,87	14,28
60,90	14,31
60,92	14,33
60,95	14,37
60,97	14,39
61,00	14,42
61,02	14,45
61,05	14,48
61,07	14,51
61,09	14,54
61,12	14,57
61,14	14,59
61,17	14,62
61,19	14,64
61,22	14,68
61,24	14,71
61,26	14,73
61,29	14,76
61,31	14,80
61,34	14,82
61,36	14,84
61,39	14,87
61,41	14,90
61,44	14,93
61,46	14,95
61,48	14,98
61,51	15,02
61,53	15,04
61,56	15,06
61,58	15,08
61,61	15,12
61,63	15,14
61,66	15,16
61,68	15,19
61,70	15,22
61,73	15,24
61,75	15,26
61,78	15,28
61,80	15,33
61,83	15,34
61,85	15,34
61,88	15,38
61,90	15,41
61,92	15,42
61,95	15,44
61,97	15,47
62,00	15,50
62,02	15,52
62,05	15,53
62,07	15,56
62,10	15,59
62,12	15,61
62,14	15,62
62,17	15,65
62,19	15,69
62,22	15,70
62,24	15,72
62,27	15,75
62,29	15,78
62,31	15,80
62,34	15,81
62,36	15,83
62,39	15,86
62,41	15,87
62,44	15,89
62,46	15,92
62,49	15,94
62,51	15,96
62,53	15,98
62,56	16,00
62,58	16,03
62,61	16,05
62,63	16,06
62,66	16,09
62,68	16,12
62,71	16,14
62,73	16,16
62,75	16,19
62,78	16,21
62,80	16,22
62,83	16,24
62,85	16,26
62,88	16,28
62,90	16,30
62,93	16,32
62,95	16,35
62,97	16,37
63,00	16,38
63,02	16,40
63,05	16,44
63,07	16,45
63,10	16,46
63,12	16,48
63,15	16,52
63,17	16,54
63,19	16,55
63,22	16,58
63,24	16,61
63,27	16,62
63,29	16,64
63,32	16,66
63,34	16,69
63,36	16,69
63,39	16,70
63,41	16,74
63,44	16,77
63,46	16,78
63,49	16,79
63,51	16,82
63,54	16,85
63,56	16,85
63,58	16,86
63,61	16,88
63,63	16,91
63,66	16,92
63,68	16,93
63,71	16,95
63,73	16,99
63,76	17,00
63,78	17,01
63,80	17,03
63,83	17,05
63,85	17,06
63,88	17,08
63,90	17,10
63,93	17,13
63,95	17,13
63,98	17,15
64,00	17,17
64,02	17,19
64,05	17,20
64,07	17,20
64,10	17,23
64,12	17,26
64,15	17,26
64,17	17,28
64,20	17,31
64,22	17,33
64,24	17,34
64,27	17,35
64,29	17,36
64,32	17,39
64,34	17,39
64,37	17,41
64,39	17,43
64,41	17,44
64,44	17,45
64,46	17,46
64,49	17,49
64,51	17,51
64,54	17,51
64,56	17,53
64,59	17,55
64,61	17,57
64,63	17,59
64,66	17,61
64,68	17,63
64,71	17,64
64,73	17,64
64,76	17,66
64,78	17,67
64,81	17,67
64,83	17,68
64,85	17,70
64,88	17,72
64,90	17,73
64,93	17,73
64,95	17,76
64,98	17,78
65,00	17,79
65,03	17,79
65,05	17,81
65,07	17,83
65,10	17,84
65,12	17,84
65,15	17,86
65,17	17,88
65,20	17,87
65,22	17,87
65,25	17,88
65,27	17,90
65,29	17,89
65,32	17,89
65,34	17,91
65,37	17,92
65,39	17,92
65,42	17,92
65,44	17,93
65,47	17,95
65,49	17,93
65,51	17,92
65,54	17,93
65,56	17,93
65,59	17,92
65,61	17,91
65,64	17,91
65,66	17,92
65,68	17,90
65,71	17,88
65,73	17,88
65,76	17,87
65,78	17,85
65,81	17,84
65,83	17,84
65,86	17,84
65,88	17,81
65,90	17,80
65,93	17,79
65,95	17,78
65,98	17,74
66,00	17,71
66,03	17,70
66,05	17,69
66,08	17,66
66,10	17,63
66,12	17,61
66,15	17,59
66,17	17,57
66,20	17,53
66,22	17,51
66,25	17,49
66,27	17,45
66,30	17,43
66,32	17,42
66,34	17,39
66,37	17,35
66,39	17,32
66,42	17,30
66,44	17,27
66,47	17,22
66,49	17,20
66,52	17,17
66,54	17,14
66,56	17,11
66,59	17,08
66,61	17,06
66,64	17,02
66,66	16,98
66,69	16,96
66,71	16,93
66,73	16,88
66,76	16,85
66,78	16,83
66,81	16,80
66,83	16,75
66,86	16,71
66,88	16,69
66,91	16,66
66,93	16,61
66,95	16,58
66,98	16,55
67,00	16,52
67,03	16,48
67,05	16,44
67,08	16,42
67,10	16,38
67,13	16,34
67,15	16,30
67,17	16,27
67,20	16,24
67,22	16,18
67,25	16,15
67,27	16,13
67,30	16,10
67,32	16,06
67,35	16,02
67,37	15,99
67,39	15,97
67,42	15,92
67,44	15,87
67,47	15,85
67,49	15,81
67,52	15,76
67,54	15,73
67,57	15,70
67,59	15,67
67,61	15,62
67,64	15,57
67,66	15,54
67,69	15,51
67,71	15,45
67,74	15,41
67,76	15,38
67,78	15,35
67,81	15,30
67,83	15,25
67,86	15,22
67,88	15,18
67,91	15,12
67,93	15,06
67,96	15,02
67,98	14,98
68,00	14,93
68,03	14,89
68,05	14,85
68,08	14,81
68,10	14,76
68,13	14,72
68,15	14,68
68,18	14,63
68,20	14,58
68,22	14,54
68,25	14,50
68,27	14,45
68,30	14,39
68,32	14,35
68,35	14,31
68,37	14,27
68,40	14,21
68,42	14,17
68,44	14,13
68,47	14,07
68,49	14,03
68,52	13,99
68,54	13,96
68,57	13,91
68,59	13,86
68,62	13,83
68,64	13,78
68,66	13,72
68,69	13,67
68,71	13,64
68,74	13,60
68,76	13,54
68,79	13,49
68,81	13,47
68,83	13,42
68,86	13,37
68,88	13,32
68,91	13,29
68,93	13,25
68,96	13,20
68,98	13,15
69,01	13,13
69,03	13,09
69,05	13,03
69,08	13,00
69,10	12,97
69,13	12,93
69,15	12,87
69,18	12,84
69,20	12,81
69,23	12,78
69,25	12,73
69,27	12,70
69,30	12,67
69,32	12,64
69,35	12,60
69,37	12,56
69,40	12,54
69,42	12,50
69,45	12,46
69,47	12,43
69,49	12,41
69,52	12,38
69,54	12,34
69,57	12,31
69,59	12,30
69,62	12,28
69,64	12,24
69,67	12,21
69,69	12,20
69,71	12,19
69,74	12,16
69,76	12,14
69,79	12,13
69,81	12,10
69,84	12,07
69,86	12,05
69,89	12,04
69,91	12,02
69,93	11,99
69,96	11,98
69,98	11,98
70,01	11,96
70,03	11,94
70,06	11,94
70,08	11,93
70,10	11,92
70,13	11,90
70,15	11,90
70,18	11,89
70,20	11,88
70,23	11,86
70,25	11,86
70,28	11,86
70,30	11,84
70,32	11,83
70,35	11,83
70,37	11,82
70,40	11,80
70,42	11,79
70,45	11,79
70,47	11,79
70,50	11,78
70,52	11,77
70,54	11,78
70,57	11,78
70,59	11,76
70,62	11,75
70,64	11,76
70,67	11,76
70,69	11,74
70,72	11,74
70,74	11,74
70,76	11,74
70,79	11,72
70,81	11,72
70,84	11,72
70,86	11,72
70,89	11,71
70,91	11,71
70,94	11,72
70,96	11,72
70,98	11,70
71,01	11,70
71,03	11,71
71,06	11,71
71,08	11,69
71,11	11,69
71,13	11,70
71,15	11,70
71,18	11,69
71,20	11,69
71,23	11,71
71,25	11,71
71,28	11,70
71,30	11,70
71,33	11,72
71,35	11,72
71,37	11,71
71,40	11,73
71,42	11,74
71,45	11,75
71,47	11,74
71,50	11,75
71,52	11,77
71,55	11,77
71,57	11,77
71,59	11,78
71,62	11,80
71,64	11,82
71,67	11,82
71,69	11,84
71,72	11,86
71,74	11,86
71,77	11,88
71,79	11,90
71,81	11,92
71,84	11,93
71,86	11,94
71,89	11,97
71,91	11,99
71,94	11,99
71,96	12,01
71,99	12,04
72,01	12,06
72,03	12,08
72,06	12,09
72,08	12,12
72,11	12,15
72,13	12,16
72,16	12,19
72,18	12,23
72,20	12,26
72,23	12,28
72,25	12,30
72,28	12,33
72,30	12,35
72,33	12,37
72,35	12,40
72,38	12,43
72,40	12,46
72,42	12,48
72,45	12,50
72,47	12,55
72,50	12,57
72,52	12,58
72,55	12,61
72,57	12,65
72,60	12,68
72,62	12,70
72,64	12,73
72,67	12,77
72,69	12,80
72,72	12,81
72,74	12,85
72,77	12,89
72,79	12,92
72,82	12,92
72,84	12,95
72,86	13,00
72,89	13,03
72,91	13,04
72,94	13,08
72,96	13,12
72,99	13,15
73,01	13,16
73,04	13,19
73,06	13,24
73,08	13,27
73,11	13,29
73,13	13,32
73,16	13,36
73,18	13,39
73,21	13,41
73,23	13,45
73,25	13,49
73,28	13,51
73,30	13,54
73,33	13,58
73,35	13,62
73,38	13,65
73,40	13,68
73,43	13,72
73,45	13,76
73,47	13,79
73,50	13,82
73,52	13,85
73,55	13,89
73,57	13,93
73,60	13,95
73,62	14,00
73,65	14,04
73,67	14,07
73,69	14,11
73,72	14,15
73,74	14,19
73,77	14,22
73,79	14,25
73,82	14,30
73,84	14,34
73,87	14,37
73,89	14,41
73,91	14,46
73,94	14,50
73,96	14,53
73,99	14,56
74,01	14,61
74,04	14,65
74,06	14,68
74,09	14,72
74,11	14,77
74,13	14,82
74,16	14,85
74,18	14,89
74,21	14,94
74,23	14,99
74,26	15,01
74,28	15,06
74,31	15,11
74,33	15,15
74,35	15,18
74,38	15,22
74,40	15,28
74,43	15,32
74,45	15,35
74,48	15,40
74,50	15,45
74,52	15,49
74,55	15,52
74,57	15,58
74,60	15,63
74,62	15,67
74,65	15,70
74,67	15,75
74,70	15,81
74,72	15,85
74,74	15,88
74,77	15,93
74,79	15,99
74,82	16,03
74,84	16,06
74,87	16,11
74,89	16,16
74,92	16,21
74,94	16,24
74,96	16,29
74,99	16,35
75,01	16,38
75,04	16,43
75,06	16,48
75,09	16,53
75,11	16,57
75,14	16,61
75,16	16,66
75,18	16,72
75,21	16,76
75,23	16,80
75,26	16,85
75,28	16,91
75,31	16,96
75,33	17,00
75,36	17,06
75,38	17,11
75,40	17,14
75,43	17,18
75,45	17,24
75,48	17,28
75,50	17,32
75,53	17,37
75,55	17,42
75,57	17,46
75,60	17,50
75,62	17,55
75,65	17,61
75,67	17,66
75,70	17,70
75,72	17,75
75,75	17,81
75,77	17,86
75,79	17,89
75,82	17,94
75,84	18,00
75,87	18,05
75,89	18,09
75,92	18,14
75,94	18,19
75,97	18,23
75,99	18,27
76,01	18,33
76,04	18,39
76,06	18,44
76,09	18,48
76,11	18,53
76,14	18,60
76,16	18,63
76,19	18,66
76,21	18,72
76,23	18,78
76,26	18,82
76,28	18,86
76,31	18,92
76,33	18,98
76,36	19,02
76,38	19,05
76,41	19,11
76,43	19,17
76,45	19,21
76,48	19,25
76,50	19,30
76,53	19,37
76,55	19,41
76,58	19,45
76,60	19,51
76,62	19,56
76,65	19,60
76,67	19,63
76,70	19,69
76,72	19,75
76,75	19,79
76,77	19,84
76,80	19,90
76,82	19,95
76,84	20,00
76,87	20,04
76,89	20,09
76,92	20,14
76,94	20,18
76,97	20,21
76,99	20,27
77,02	20,32
77,04	20,37
77,06	20,41
77,09	20,46
77,11	20,52
77,14	20,55
77,16	20,60
77,19	20,65
77,21	20,70
77,24	20,75
77,26	20,80
77,28	20,85
77,31	20,90
77,33	20,94
77,36	20,99
77,38	21,04
77,41	21,09
77,43	21,13
77,46	21,18
77,48	21,24
77,50	21,29
77,53	21,33
77,55	21,39
77,58	21,45
77,60	21,49
77,63	21,53
77,65	21,58
77,68	21,65
77,70	21,69
77,72	21,73
77,75	21,78
77,77	21,83
77,80	21,87
77,82	21,91
77,85	21,96
77,87	22,02
77,89	22,05
77,92	22,09
77,94	22,15
77,97	22,21
77,99	22,25
78,02	22,28
78,04	22,34
78,07	22,40
78,09	22,43
78,11	22,46
78,14	22,52
78,16	22,57
78,19	22,61
78,21	22,65
78,24	22,70
78,26	22,76
78,29	22,80
78,31	22,84
78,33	22,89
78,36	22,94
78,38	22,98
78,41	23,02
78,43	23,08
78,46	23,14
78,48	23,18
78,51	23,22
78,53	23,28
78,55	23,33
78,58	23,36
78,60	23,40
78,63	23,44
78,65	23,50
78,68	23,54
78,70	23,58
78,73	23,63
78,75	23,68
78,77	23,72
78,80	23,77
78,82	23,82
78,85	23,87
78,87	23,91
78,90	23,95
78,92	24,01
78,94	24,06
78,97	24,09
78,99	24,14
79,02	24,20
79,04	24,24
79,07	24,28
79,09	24,33
79,12	24,38
79,14	24,42
79,16	24,46
79,19	24,50
79,21	24,56
79,24	24,61
79,26	24,64
79,29	24,69
79,31	24,74
79,34	24,78
79,36	24,82
79,38	24,87
79,41	24,93
79,43	24,97
79,46	25,00
79,48	25,05
79,51	25,11
79,53	25,13
79,56	25,17
79,58	25,22
79,60	25,26
79,63	25,30
79,65	25,33
79,68	25,40
79,70	25,45
79,73	25,48
79,75	25,52
79,78	25,57
79,80	25,62
79,82	25,65
79,85	25,68
79,87	25,74
79,90	25,79
79,92	25,82
79,95	25,86
79,97	25,91
79,99	25,97
80,02	26,00
80,04	26,02
80,07	26,08
80,09	26,13
80,12	26,17
80,14	26,20
80,17	26,26
80,19	26,31
80,21	26,34
80,24	26,37
80,26	26,43
80,29	26,47
80,31	26,50
80,34	26,52
80,36	26,57
80,39	26,62
80,41	26,65
80,43	26,68
80,46	26,74
80,48	26,78
80,51	26,82
80,53	26,85
80,56	26,89
80,58	26,93
80,61	26,96
80,63	27,00
80,65	27,05
80,68	27,09
80,70	27,12
80,73	27,15
80,75	27,19
80,78	27,23
80,80	27,26
80,83	27,30
80,85	27,35
80,87	27,38
80,90	27,42
80,92	27,47
80,95	27,51
80,97	27,55
81,00	27,58
81,02	27,62
81,04	27,65
81,07	27,69
81,09	27,73
81,12	27,76
81,14	27,80
81,17	27,84
81,19	27,88
81,22	27,92
81,24	27,95
81,26	27,99
81,29	28,04
81,31	28,06
81,34	28,10
81,36	28,15
81,39	28,18
81,41	28,21
81,44	28,25
81,46	28,30
81,48	28,33
81,51	28,36
81,53	28,39
81,56	28,43
81,58	28,47
81,61	28,50
81,63	28,54
81,66	28,58
81,68	28,62
81,70	28,65
81,73	28,67
81,75	28,69
81,78	28,74
81,80	28,78
81,83	28,80
81,85	28,83
81,88	28,88
81,90	28,92
81,92	28,94
81,95	28,96
81,97	29,01
82,00	29,04
82,02	29,05
82,05	29,08
82,07	29,12
82,10	29,15
82,12	29,17
82,14	29,19
82,17	29,23
82,19	29,25
82,22	29,26
82,24	29,28
82,27	29,31
82,29	29,34
82,31	29,35
82,34	29,37
82,36	29,41
82,39	29,43
82,41	29,44
82,44	29,45
82,46	29,47
82,49	29,49
82,51	29,49
82,53	29,50
82,56	29,52
82,58	29,53
82,61	29,53
82,63	29,54
82,66	29,55
82,68	29,56
82,71	29,56
82,73	29,57
82,75	29,58
82,78	29,58
82,80	29,59
82,83	29,59
82,85	29,60
82,88	29,60
82,90	29,59
82,93	29,60
82,95	29,60
82,97	29,58
83,00	29,58
83,02	29,59
83,05	29,59
83,07	29,58
83,10	29,58
83,12	29,59
83,15	29,59
83,17	29,58
83,19	29,58
83,22	29,58
83,24	29,58
83,27	29,57
83,29	29,56
83,32	29,57
83,34	29,57
83,36	29,55
83,39	29,55
83,41	29,55
83,44	29,55
83,46	29,53
83,49	29,52
83,51	29,54
83,54	29,54
83,56	29,52
83,58	29,51
83,61	29,52
83,63	29,52
83,66	29,50
83,68	29,49
83,71	29,50
83,73	29,49
83,76	29,47
83,78	29,47
83,80	29,47
83,83	29,47
83,85	29,45
83,88	29,44
83,90	29,45
83,93	29,45
83,95	29,43
83,98	29,42
84,00	29,42
84,02	29,42
84,05	29,40
84,07	29,39
84,10	29,40
84,12	29,38
84,15	29,35
84,17	29,34
84,20	29,34
84,22	29,33
84,24	29,31
84,27	29,30
84,29	29,30
84,32	29,28
84,34	29,26
84,37	29,25
84,39	29,24
84,41	29,22
84,44	29,19
84,46	29,17
84,49	29,16
84,51	29,12
84,54	29,10
84,56	29,09
84,59	29,07
84,61	29,03
84,63	29,01
84,66	28,99
84,68	28,97
84,71	28,93
84,73	28,92
84,76	28,89
84,78	28,88
84,81	28,84
84,83	28,81
84,85	28,79
84,88	28,76
84,90	28,71
84,93	28,68
84,95	28,66
84,98	28,63
85,00	28,59
85,03	28,56
85,05	28,55
85,07	28,52
85,10	28,47
85,12	28,45
85,15	28,43
85,17	28,41
85,20	28,37
85,22	28,34
85,25	28,33
85,27	28,30
85,29	28,26
85,32	28,23
85,34	28,21
85,37	28,18
85,39	28,12
85,42	28,10
85,44	28,08
85,47	28,05
85,49	28,01
85,51	27,98
85,54	27,96
85,56	27,94
85,59	27,90
85,61	27,86
85,64	27,85
85,66	27,82
85,68	27,78
85,71	27,76
85,73	27,74
85,76	27,70
85,78	27,66
85,81	27,63
85,83	27,61
85,86	27,57
85,88	27,53
85,90	27,50
85,93	27,49
85,95	27,46
85,98	27,42
86,00	27,40
86,03	27,38
86,05	27,35
86,08	27,31
86,10	27,29
86,12	27,26
86,15	27,23
86,17	27,20
86,20	27,18
86,22	27,16
86,25	27,13
86,27	27,11
86,30	27,09
86,32	27,06
86,34	27,03
86,37	27,00
86,39	26,98
86,42	26,97
86,44	26,94
86,47	26,92
86,49	26,90
86,52	26,89
86,54	26,86
86,56	26,83
86,59	26,82
86,61	26,80
86,64	26,77
86,66	26,76
86,69	26,75
86,71	26,73
86,73	26,70
86,76	26,69
86,78	26,69
86,81	26,67
86,83	26,63
86,86	26,61
86,88	26,61
86,91	26,59
86,93	26,56
86,95	26,55
86,98	26,55
87,00	26,53
87,03	26,50
87,05	26,49
87,08	26,48
87,10	26,47
87,13	26,44
87,15	26,42
87,17	26,43
87,20	26,41
87,22	26,39
87,25	26,38
87,27	26,37
87,30	26,35
87,32	26,31
87,35	26,30
87,37	26,30
87,39	26,27
87,42	26,25
87,44	26,24
87,47	26,23
87,49	26,22
87,52	26,18
87,54	26,17
87,57	26,16
87,59	26,14
87,61	26,11
87,64	26,11
87,66	26,10
87,69	26,08
87,71	26,06
87,74	26,05
87,76	26,04
87,78	26,02
87,81	26,00
87,83	25,98
87,86	25,97
87,88	25,96
87,91	25,93
87,93	25,93
87,96	25,92
87,98	25,89
88,00	25,88
88,03	25,88
88,05	25,86
88,08	25,85
88,10	25,83
88,13	25,83
88,15	25,83
88,18	25,81
88,20	25,80
88,22	25,80
88,25	25,80
88,27	25,78
88,30	25,76
88,32	25,77
88,35	25,76
88,37	25,75
88,40	25,75
88,42	25,76
88,44	25,76
88,47	25,74
88,49	25,74
88,52	25,75
88,54	25,74
88,57	25,73
88,59	25,74
88,62	25,75
88,64	25,75
88,66	25,74
88,69	25,74
88,71	25,77
88,74	25,77
88,76	25,75
88,79	25,76
88,81	25,78
88,83	25,79
88,86	25,78
88,88	25,79
88,91	25,82
88,93	25,82
88,96	25,81
88,98	25,83
89,01	25,85
89,03	25,85
89,05	25,84
89,08	25,86
89,10	25,89
89,13	25,89
89,15	25,88
89,18	25,90
89,20	25,92
89,23	25,92
89,25	25,92
89,27	25,93
89,30	25,95
89,32	25,95
89,35	25,96
89,37	25,98
89,40	25,99
89,42	26,00
89,45	26,00
89,47	26,01
89,49	26,03
89,52	26,03
89,54	26,04
89,57	26,06
89,59	26,08
89,62	26,08
89,64	26,08
89,67	26,11
89,69	26,13
89,71	26,13
89,74	26,13
89,76	26,15
89,79	26,17
89,81	26,18
89,84	26,19
89,86	26,21
89,89	26,23
89,91	26,23
89,93	26,25
89,96	26,27
89,98	26,28
90,01	26,29
90,03	26,30
90,06	26,33
90,08	26,35
90,10	26,35
90,13	26,37
90,15	26,40
90,18	26,42
90,20	26,42
90,23	26,44
90,25	26,47
90,28	26,49
90,30	26,50
90,32	26,53
90,35	26,55
90,37	26,57
90,40	26,58
90,42	26,60
90,45	26,63
90,47	26,65
90,50	26,65
90,52	26,69
90,54	26,72
90,57	26,74
90,59	26,75
90,62	26,78
90,64	26,83
90,67	26,85
90,69	26,86
90,72	26,89
90,74	26,93
90,76	26,94
90,79	26,96
90,81	26,99
90,84	27,04
90,86	27,06
90,89	27,07
90,91	27,12
90,94	27,15
90,96	27,18
90,98	27,19
91,01	27,24
91,03	27,29
91,06	27,31
91,08	27,33
91,11	27,37
91,13	27,41
91,15	27,44
91,18	27,46
91,20	27,50
91,23	27,55
91,25	27,57
91,28	27,60
91,30	27,64
91,33	27,68
91,35	27,71
91,37	27,74
91,40	27,77
91,42	27,82
91,45	27,84
91,47	27,87
91,50	27,91
91,52	27,95
91,55	27,98
91,57	28,01
91,59	28,06
91,62	28,10
91,64	28,12
91,67	28,15
91,69	28,19
91,72	28,22
91,74	28,26
91,77	28,29
91,79	28,34
91,81	28,38
91,84	28,40
91,86	28,44
91,89	28,49
91,91	28,52
91,94	28,55
91,96	28,59
91,99	28,65
92,01	28,69
92,03	28,72
92,06	28,77
92,08	28,82
92,11	28,86
92,13	28,89
92,16	28,94
92,18	28,99
92,20	29,02
92,23	29,05
92,25	29,11
92,28	29,16
92,30	29,20
92,33	29,23
92,35	29,28
92,38	29,34
92,40	29,37
92,42	29,40
92,45	29,45
92,47	29,51
92,50	29,55
92,52	29,58
92,55	29,64
92,57	29,70
92,60	29,72
92,62	29,75
92,64	29,81
92,67	29,86
92,69	29,90
92,72	29,94
92,74	30,00
92,77	30,06
92,79	30,09
92,82	30,14
92,84	30,19
92,86	30,25
92,89	30,29
92,91	30,33
92,94	30,39
92,96	30,45
92,99	30,49
93,01	30,53
93,04	30,59
93,06	30,65
93,08	30,70
93,11	30,74
93,13	30,79
93,16	30,85
93,18	30,89
93,21	30,93
93,23	30,99
93,25	31,05
93,28	31,09
93,30	31,13
93,33	31,20
93,35	31,25
93,38	31,29
93,40	31,33
93,43	31,40
93,45	31,45
93,47	31,50
93,50	31,56
93,52	31,62
93,55	31,67
93,57	31,71
93,60	31,77
93,62	31,82
93,65	31,87
93,67	31,91
93,69	31,97
93,72	32,04
93,74	32,09
93,77	32,13
93,79	32,21
93,82	32,27
93,84	32,32
93,87	32,36
93,89	32,43
93,91	32,50
93,94	32,55
93,96	32,60
93,99	32,66
94,01	32,72
94,04	32,77
94,06	32,82
94,09	32,88
94,11	32,95
94,13	32,99
94,16	33,04
94,18	33,12
94,21	33,18
94,23	33,23
94,26	33,28
94,28	33,35
94,31	33,42
94,33	33,47
94,35	33,51
94,38	33,58
94,40	33,64
94,43	33,69
94,45	33,74
94,48	33,81
94,50	33,88
94,52	33,93
94,55	33,98
94,57	34,06
94,60	34,11
94,62	34,16
94,65	34,21
94,67	34,29
94,70	34,37
94,72	34,41
94,74	34,47
94,77	34,53
94,79	34,60
94,82	34,64
94,84	34,69
94,87	34,75
94,89	34,82
94,92	34,87
94,94	34,92
94,96	35,00
94,99	35,06
95,01	35,11
95,04	35,16
95,06	35,23
95,09	35,29
95,11	35,34
95,14	35,39
95,16	35,47
95,18	35,53
95,21	35,58
95,23	35,64
95,26	35,72
95,28	35,78
95,31	35,83
95,33	35,90
95,36	35,96
95,38	36,02
95,40	36,07
95,43	36,14
95,45	36,22
95,48	36,28
95,50	36,33
95,53	36,41
95,55	36,48
95,57	36,52
95,60	36,58
95,62	36,65
95,65	36,73
95,67	36,79
95,70	36,84
95,72	36,92
95,75	36,99
95,77	37,04
95,79	37,10
95,82	37,17
95,84	37,24
95,87	37,29
95,89	37,35
95,92	37,43
95,94	37,51
95,97	37,56
95,99	37,62
96,01	37,70
96,04	37,77
96,06	37,82
96,09	37,87
96,11	37,95
96,14	38,02
96,16	38,07
96,19	38,13
96,21	38,20
96,23	38,28
96,26	38,33
96,28	38,38
96,31	38,46
96,33	38,53
96,36	38,58
96,38	38,65
96,41	38,73
96,43	38,80
96,45	38,85
96,48	38,91
96,50	38,99
96,53	39,06
96,55	39,11
96,58	39,17
96,60	39,24
96,62	39,32
96,65	39,36
96,67	39,43
96,70	39,51
96,72	39,58
96,75	39,64
96,77	39,70
96,80	39,78
96,82	39,85
96,84	39,91
96,87	39,97
96,89	40,04
96,92	40,11
96,94	40,17
96,97	40,24
96,99	40,30
97,02	40,36
97,04	40,41
97,06	40,48
97,09	40,56
97,11	40,63
97,14	40,69
97,16	40,76
97,19	40,84
97,21	40,89
97,24	40,95
97,26	41,03
97,28	41,10
97,31	41,15
97,33	41,22
97,36	41,28
97,38	41,35
97,41	41,41
97,43	41,46
97,46	41,54
97,48	41,61
97,50	41,66
97,53	41,73
97,55	41,81
97,58	41,88
97,60	41,93
97,63	41,99
97,65	42,08
97,68	42,15
97,70	42,20
97,72	42,27
97,75	42,35
97,77	42,42
97,80	42,47
97,82	42,53
97,85	42,62
97,87	42,68
97,89	42,74
97,92	42,80
97,94	42,87
97,97	42,95
97,99	42,99
98,02	43,05
98,04	43,13
98,07	43,20
98,09	43,25
98,11	43,32
98,14	43,40
98,16	43,47
98,19	43,52
98,21	43,58
98,24	43,66
98,26	43,73
98,29	43,79
98,31	43,86
98,33	43,93
98,36	44,00
98,38	44,05
98,41	44,12
98,43	44,19
98,46	44,26
98,48	44,31
98,51	44,36
98,53	44,44
98,55	44,51
98,58	44,57
98,60	44,64
98,63	44,71
98,65	44,77
98,68	44,83
98,70	44,89
98,73	44,96
98,75	45,02
98,77	45,08
98,80	45,14
98,82	45,21
98,85	45,26
98,87	45,31
98,90	45,37
98,92	45,44
98,94	45,50
98,97	45,55
98,99	45,63
99,02	45,69
99,04	45,74
99,07	45,80
99,09	45,86
99,12	45,92
99,14	45,96
99,16	46,00
99,19	46,06
99,21	46,10
99,24	46,13
99,26	46,17
99,29	46,22
99,31	46,26
99,34	46,29
99,36	46,31
99,38	46,37
99,41	46,39
99,43	46,40
99,46	46,42
99,48	46,45
99,51	46,48
99,53	46,48
99,56	46,49
99,58	46,52
99,60	46,54
99,63	46,55
99,65	46,54
99,68	46,56
99,70	46,58
99,73	46,57
99,75	46,57
99,78	46,58
99,80	46,61
99,82	46,60
99,85	46,60
99,87	46,62
99,90	46,64
