Voltage U1	Corriente IA
U1/V	IA/nA

0,02	0,51
0,04	0,48
0,07	0,46
0,09	0,45
0,12	0,43
0,14	0,40
0,17	0,39
0,19	0,37
0,21	0,35
0,24	0,32
0,26	0,31
0,29	0,30
0,31	0,28
0,34	0,26
0,36	0,25
0,39	0,25
0,41	0,26
0,43	0,25
0,46	0,25
0,48	0,26
0,51	0,25
0,53	0,25
0,56	0,25
0,58	0,26
0,61	0,26
0,63	0,25
0,65	0,25
0,68	0,25
0,70	0,25
0,73	0,25
0,75	0,25
0,78	0,26
0,80	0,26
0,83	0,25
0,85	0,26
0,87	0,27
0,90	0,27
0,92	0,26
0,95	0,26
0,97	0,27
1,00	0,26
1,02	0,25
1,05	0,26
1,07	0,27
1,09	0,27
1,12	0,26
1,14	0,27
1,17	0,27
1,19	0,27
1,22	0,25
1,24	0,26
1,26	0,27
1,29	0,27
1,31	0,26
1,34	0,27
1,36	0,28
1,39	0,27
1,41	0,26
1,44	0,27
1,46	0,27
1,48	0,27
1,51	0,25
1,53	0,26
1,56	0,28
1,58	0,27
1,61	0,27
1,63	0,27
1,66	0,28
1,68	0,27
1,70	0,27
1,73	0,26
1,75	0,28
1,78	0,27
1,80	0,26
1,83	0,28
1,85	0,28
1,88	0,28
1,90	0,28
1,92	0,28
1,95	0,29
1,97	0,28
2,00	0,28
2,02	0,29
2,05	0,30
2,07	0,31
2,10	0,31
2,12	0,32
2,14	0,33
2,17	0,32
2,19	0,33
2,22	0,33
2,24	0,34
2,27	0,34
2,29	0,34
2,31	0,36
2,34	0,36
2,36	0,36
2,39	0,37
2,41	0,38
2,44	0,38
2,46	0,38
2,49	0,38
2,51	0,39
2,53	0,40
2,56	0,40
2,58	0,41
2,61	0,42
2,63	0,42
2,66	0,42
2,68	0,43
2,71	0,44
2,73	0,43
2,75	0,43
2,78	0,45
2,80	0,46
2,83	0,46
2,85	0,45
2,88	0,46
2,90	0,47
2,93	0,47
2,95	0,46
2,97	0,47
3,00	0,48
3,02	0,48
3,05	0,48
3,07	0,49
3,10	0,51
3,12	0,51
3,15	0,50
3,17	0,52
3,19	0,53
3,22	0,53
3,24	0,53
3,27	0,54
3,29	0,56
3,32	0,55
3,34	0,55
3,36	0,56
3,39	0,57
3,41	0,57
3,44	0,56
3,46	0,57
3,49	0,59
3,51	0,59
3,54	0,59
3,56	0,60
3,58	0,61
3,61	0,61
3,63	0,61
3,66	0,61
3,68	0,62
3,71	0,62
3,73	0,62
3,76	0,63
3,78	0,64
3,80	0,64
3,83	0,64
3,85	0,65
3,88	0,66
3,90	0,65
3,93	0,66
3,95	0,66
3,98	0,67
4,00	0,67
4,02	0,68
4,05	0,69
4,07	0,70
4,10	0,69
4,12	0,69
4,15	0,70
4,17	0,69
4,20	0,70
4,22	0,70
4,24	0,72
4,27	0,72
4,29	0,71
4,32	0,73
4,34	0,74
4,37	0,73
4,39	0,73
4,42	0,74
4,44	0,75
4,46	0,75
4,49	0,75
4,51	0,76
4,54	0,77
4,56	0,77
4,59	0,76
4,61	0,77
4,63	0,79
4,66	0,78
4,68	0,78
4,71	0,79
4,73	0,80
4,76	0,80
4,78	0,80
4,81	0,81
4,83	0,83
4,85	0,82
4,88	0,81
4,90	0,82
4,93	0,83
4,95	0,83
4,98	0,83
5,00	0,84
5,03	0,86
5,05	0,85
5,07	0,85
5,10	0,86
5,12	0,87
5,15	0,87
5,17	0,87
5,20	0,88
5,22	0,90
5,25	0,89
5,27	0,89
5,29	0,91
5,32	0,91
5,34	0,91
5,37	0,91
5,39	0,91
5,42	0,92
5,44	0,92
5,47	0,92
5,49	0,94
5,51	0,94
5,54	0,94
5,56	0,94
5,59	0,95
5,61	0,96
5,64	0,95
5,66	0,95
5,68	0,96
5,71	0,97
5,73	0,96
5,76	0,96
5,78	0,97
5,81	0,98
5,83	0,97
5,86	0,98
5,88	0,98
5,90	0,98
5,93	0,99
5,95	0,99
5,98	1,00
6,00	1,01
6,03	1,00
6,05	1,01
6,08	1,02
6,10	1,01
6,12	1,01
6,15	1,02
6,17	1,03
6,20	1,03
6,22	1,02
6,25	1,04
6,27	1,05
6,30	1,04
6,32	1,04
6,34	1,05
6,37	1,06
6,39	1,06
6,42	1,06
6,44	1,08
6,47	1,09
6,49	1,08
6,52	1,08
6,54	1,09
6,56	1,10
6,59	1,09
6,61	1,09
6,64	1,10
6,66	1,11
6,69	1,11
6,71	1,11
6,73	1,12
6,76	1,13
6,78	1,12
6,81	1,12
6,83	1,13
6,86	1,14
6,88	1,13
6,91	1,13
6,93	1,15
6,95	1,16
6,98	1,15
7,00	1,15
7,03	1,16
7,05	1,17
7,08	1,16
7,10	1,16
7,13	1,17
7,15	1,18
7,17	1,18
7,20	1,18
7,22	1,19
7,25	1,19
7,27	1,19
7,30	1,19
7,32	1,19
7,35	1,20
7,37	1,20
7,39	1,20
7,42	1,21
7,44	1,22
7,47	1,22
7,49	1,22
7,52	1,22
7,54	1,23
7,57	1,23
7,59	1,23
7,61	1,25
7,64	1,25
7,66	1,25
7,69	1,26
7,71	1,27
7,74	1,27
7,76	1,27
7,78	1,28
7,81	1,28
7,83	1,28
7,86	1,28
7,88	1,29
7,91	1,30
7,93	1,30
7,96	1,29
7,98	1,31
8,00	1,32
8,03	1,31
8,05	1,30
8,08	1,32
8,10	1,33
8,13	1,32
8,15	1,32
8,18	1,34
8,20	1,35
8,22	1,34
8,25	1,34
8,27	1,35
8,30	1,35
8,32	1,35
8,35	1,34
8,37	1,36
8,40	1,37
8,42	1,36
8,44	1,36
8,47	1,37
8,49	1,38
8,52	1,37
8,54	1,37
8,57	1,38
8,59	1,39
8,62	1,39
8,64	1,39
8,66	1,40
8,69	1,41
8,71	1,41
8,74	1,41
8,76	1,42
8,79	1,42
8,81	1,42
8,84	1,42
8,86	1,43
8,88	1,44
8,91	1,43
8,93	1,44
8,96	1,45
8,98	1,45
9,01	1,45
9,03	1,45
9,05	1,46
9,08	1,47
9,10	1,47
9,13	1,47
9,15	1,48
9,18	1,49
9,20	1,49
9,23	1,49
9,25	1,50
9,27	1,50
9,30	1,50
9,32	1,50
9,35	1,52
9,37	1,52
9,40	1,52
9,42	1,52
9,45	1,53
9,47	1,53
9,49	1,53
9,52	1,54
9,54	1,55
9,57	1,55
9,59	1,55
9,62	1,56
9,64	1,57
9,67	1,57
9,69	1,56
9,71	1,57
9,74	1,58
9,76	1,57
9,79	1,57
9,81	1,58
9,84	1,59
9,86	1,59
9,89	1,59
9,91	1,61
9,93	1,61
9,96	1,60
9,98	1,61
10,01	1,62
10,03	1,63
10,06	1,62
10,08	1,62
10,10	1,64
10,13	1,64
10,15	1,64
10,18	1,64
10,20	1,65
10,23	1,66
10,25	1,64
10,28	1,64
10,30	1,66
10,32	1,67
10,35	1,66
10,37	1,67
10,40	1,67
10,42	1,68
10,45	1,67
10,47	1,67
10,50	1,68
10,52	1,69
10,54	1,68
10,57	1,69
10,59	1,70
10,62	1,71
10,64	1,70
10,67	1,70
10,69	1,71
10,72	1,71
10,74	1,71
10,76	1,71
10,79	1,73
10,81	1,74
10,84	1,73
10,86	1,74
10,89	1,75
10,91	1,75
10,94	1,75
10,96	1,74
10,98	1,76
11,01	1,77
11,03	1,76
11,06	1,77
11,08	1,78
11,11	1,78
11,13	1,79
11,15	1,79
11,18	1,79
11,20	1,80
11,23	1,79
11,25	1,80
11,28	1,81
11,30	1,81
11,33	1,81
11,35	1,82
11,37	1,83
11,40	1,82
11,42	1,82
11,45	1,83
11,47	1,83
11,50	1,83
11,52	1,83
11,55	1,84
11,57	1,85
11,59	1,85
11,62	1,85
11,64	1,86
11,67	1,86
11,69	1,84
11,72	1,85
11,74	1,86
11,77	1,86
11,79	1,86
11,81	1,86
11,84	1,88
11,86	1,88
11,89	1,87
11,91	1,87
11,94	1,89
11,96	1,89
11,99	1,89
12,01	1,89
12,03	1,90
12,06	1,91
12,08	1,90
12,11	1,91
12,13	1,92
12,16	1,92
12,18	1,91
12,21	1,91
12,23	1,93
12,25	1,94
12,28	1,93
12,30	1,93
12,33	1,94
12,35	1,96
12,38	1,95
12,40	1,94
12,42	1,96
12,45	1,96
12,47	1,96
12,50	1,96
12,52	1,97
12,55	1,98
12,57	1,98
12,60	1,97
12,62	1,99
12,64	1,99
12,67	1,98
12,69	1,99
12,72	2,00
12,74	2,01
12,77	2,00
12,79	2,01
12,82	2,02
12,84	2,02
12,86	2,02
12,89	2,02
12,91	2,02
12,94	2,03
12,96	2,02
12,99	2,03
13,01	2,04
13,04	2,04
13,06	2,04
13,08	2,05
13,11	2,05
13,13	2,05
13,16	2,05
13,18	2,05
13,21	2,06
13,23	2,06
13,26	2,06
13,28	2,07
13,30	2,08
13,33	2,08
13,35	2,08
13,38	2,09
13,40	2,08
13,43	2,08
13,45	2,09
13,47	2,10
13,50	2,10
13,52	2,10
13,55	2,10
13,57	2,12
13,60	2,12
13,62	2,10
13,65	2,11
13,67	2,12
13,69	2,13
13,72	2,12
13,74	2,13
13,77	2,14
13,79	2,14
13,82	2,13
13,84	2,14
13,87	2,15
13,89	2,15
13,91	2,15
13,94	2,15
13,96	2,17
13,99	2,17
14,01	2,17
14,04	2,17
14,06	2,18
14,09	2,19
14,11	2,18
14,13	2,18
14,16	2,20
14,18	2,20
14,21	2,19
14,23	2,20
14,26	2,21
14,28	2,22
14,31	2,20
14,33	2,20
14,35	2,21
14,38	2,22
14,40	2,21
14,43	2,22
14,45	2,23
14,48	2,24
14,50	2,23
14,52	2,24
14,55	2,25
14,57	2,25
14,60	2,25
14,62	2,25
14,65	2,26
14,67	2,26
14,70	2,26
14,72	2,27
14,74	2,28
14,77	2,27
14,79	2,27
14,82	2,27
14,84	2,28
14,87	2,28
14,89	2,27
14,92	2,28
14,94	2,29
14,96	2,29
14,99	2,29
15,01	2,30
15,04	2,30
15,06	2,29
15,09	2,28
15,11	2,29
15,14	2,30
15,16	2,29
15,18	2,29
15,21	2,30
15,23	2,29
15,26	2,29
15,28	2,29
15,31	2,29
15,33	2,28
15,36	2,27
15,38	2,28
15,40	2,28
15,43	2,28
15,45	2,27
15,48	2,26
15,50	2,28
15,53	2,27
15,55	2,25
15,57	2,25
15,60	2,26
15,62	2,26
15,65	2,25
15,67	2,25
15,70	2,26
15,72	2,25
15,75	2,24
15,77	2,23
15,79	2,24
15,82	2,23
15,84	2,22
15,87	2,21
15,89	2,23
15,92	2,22
15,94	2,21
15,97	2,20
15,99	2,21
16,01	2,21
16,04	2,18
16,06	2,17
16,09	2,18
16,11	2,17
16,14	2,16
16,16	2,16
16,19	2,16
16,21	2,15
16,23	2,13
16,26	2,12
16,28	2,13
16,31	2,12
16,33	2,10
16,36	2,10
16,38	2,09
16,41	2,08
16,43	2,07
16,45	2,06
16,48	2,06
16,50	2,04
16,53	2,03
16,55	2,02
16,58	2,02
16,60	2,01
16,63	1,99
16,65	1,99
16,67	1,98
16,70	1,97
16,72	1,96
16,75	1,96
16,77	1,94
16,80	1,93
16,82	1,92
16,84	1,92
16,87	1,91
16,89	1,89
16,92	1,89
16,94	1,88
16,97	1,87
16,99	1,86
17,02	1,84
17,04	1,84
17,06	1,83
17,09	1,82
17,11	1,81
17,14	1,81
17,16	1,80
17,19	1,78
17,21	1,77
17,24	1,76
17,26	1,74
17,28	1,72
17,31	1,72
17,33	1,71
17,36	1,70
17,38	1,68
17,41	1,67
17,43	1,67
17,46	1,66
17,48	1,63
17,50	1,62
17,53	1,62
17,55	1,61
17,58	1,59
17,60	1,58
17,63	1,58
17,65	1,57
17,68	1,54
17,70	1,53
17,72	1,53
17,75	1,52
17,77	1,49
17,80	1,48
17,82	1,49
17,85	1,47
17,87	1,45
17,89	1,45
17,92	1,44
17,94	1,44
17,97	1,41
17,99	1,39
18,02	1,39
18,04	1,38
18,07	1,36
18,09	1,36
18,11	1,36
18,14	1,34
18,16	1,32
18,19	1,31
18,21	1,31
18,24	1,30
18,26	1,28
18,29	1,28
18,31	1,27
18,33	1,27
18,36	1,25
18,38	1,25
18,41	1,24
18,43	1,23
18,46	1,22
18,48	1,21
18,51	1,20
18,53	1,19
18,55	1,18
18,58	1,18
18,60	1,17
18,63	1,16
18,65	1,16
18,68	1,15
18,70	1,14
18,73	1,13
18,75	1,12
18,77	1,12
18,80	1,11
18,82	1,10
18,85	1,09
18,87	1,09
18,90	1,08
18,92	1,07
18,94	1,06
18,97	1,07
18,99	1,05
19,02	1,04
19,04	1,05
19,07	1,05
19,09	1,04
19,12	1,03
19,14	1,03
19,16	1,03
19,19	1,02
19,21	1,00
19,24	1,01
19,26	1,02
19,29	1,01
19,31	1,00
19,34	1,00
19,36	1,02
19,38	1,01
19,41	1,00
19,43	1,00
19,46	1,01
19,48	1,01
19,51	1,00
19,53	1,01
19,56	1,03
19,58	1,03
19,60	1,02
19,63	1,03
19,65	1,05
19,68	1,05
19,70	1,03
19,73	1,05
19,75	1,07
19,78	1,06
19,80	1,06
19,82	1,08
19,85	1,09
19,87	1,10
19,90	1,10
19,92	1,11
19,95	1,13
19,97	1,13
19,99	1,14
20,02	1,15
20,04	1,17
20,07	1,17
20,09	1,18
20,12	1,20
20,14	1,21
20,17	1,21
20,19	1,22
20,21	1,23
20,24	1,25
20,26	1,26
20,29	1,27
20,31	1,29
20,34	1,31
20,36	1,31
20,39	1,32
20,41	1,34
20,43	1,35
20,46	1,35
20,48	1,37
20,51	1,39
20,53	1,41
20,56	1,41
20,58	1,43
20,61	1,45
20,63	1,46
20,65	1,47
20,68	1,48
20,70	1,50
20,73	1,52
20,75	1,52
20,78	1,54
20,80	1,57
20,83	1,58
20,85	1,59
20,87	1,60
20,90	1,63
20,92	1,63
20,95	1,64
20,97	1,66
21,00	1,69
21,02	1,70
21,05	1,71
21,07	1,72
21,09	1,76
21,12	1,76
21,14	1,77
21,17	1,79
21,19	1,81
21,22	1,82
21,24	1,82
21,26	1,84
21,29	1,88
21,31	1,88
21,34	1,89
21,36	1,91
21,39	1,94
21,41	1,95
21,44	1,95
21,46	1,98
21,48	2,01
21,51	2,02
21,53	2,03
21,56	2,05
21,58	2,07
21,61	2,08
21,63	2,09
21,66	2,11
21,68	2,13
21,70	2,14
21,73	2,15
21,75	2,17
21,78	2,20
21,80	2,21
21,83	2,22
21,85	2,24
21,88	2,26
21,90	2,27
21,92	2,28
21,95	2,30
21,97	2,33
22,00	2,33
22,02	2,35
22,05	2,37
22,07	2,39
22,10	2,40
22,12	2,42
22,14	2,44
22,17	2,45
22,19	2,47
22,22	2,48
22,24	2,51
22,27	2,53
22,29	2,53
22,31	2,56
22,34	2,58
22,36	2,59
22,39	2,60
22,41	2,62
22,44	2,64
22,46	2,66
22,49	2,66
22,51	2,69
22,53	2,71
22,56	2,72
22,58	2,73
22,61	2,75
22,63	2,77
22,66	2,78
22,68	2,79
22,71	2,81
22,73	2,83
22,75	2,84
22,78	2,85
22,80	2,87
22,83	2,89
22,85	2,89
22,88	2,90
22,90	2,92
22,93	2,94
22,95	2,95
22,97	2,96
23,00	2,98
23,02	3,01
23,05	3,01
23,07	3,01
23,10	3,04
23,12	3,06
23,15	3,07
23,17	3,08
23,19	3,10
23,22	3,12
23,24	3,13
23,27	3,13
23,29	3,15
23,32	3,17
23,34	3,18
23,36	3,18
23,39	3,21
23,41	3,23
23,44	3,24
23,46	3,25
23,49	3,27
23,51	3,29
23,54	3,30
23,56	3,30
23,58	3,32
23,61	3,34
23,63	3,35
23,66	3,35
23,68	3,37
23,71	3,39
23,73	3,40
23,76	3,41
23,78	3,43
23,80	3,44
23,83	3,44
23,85	3,45
23,88	3,48
23,90	3,49
23,93	3,50
23,95	3,51
23,98	3,53
24,00	3,54
24,02	3,55
24,05	3,56
24,07	3,57
24,10	3,58
24,12	3,60
24,15	3,60
24,17	3,62
24,20	3,63
24,22	3,64
24,24	3,66
24,27	3,68
24,29	3,68
24,32	3,69
24,34	3,70
24,37	3,72
24,39	3,73
24,42	3,74
24,44	3,76
24,46	3,77
24,49	3,78
24,51	3,78
24,54	3,80
24,56	3,81
24,59	3,82
24,61	3,83
24,63	3,86
24,66	3,87
24,68	3,88
24,71	3,88
24,73	3,90
24,76	3,91
24,78	3,91
24,81	3,90
24,83	3,93
24,85	3,94
24,88	3,94
24,90	3,95
24,93	3,97
24,95	4,00
24,98	4,00
25,00	4,00
25,03	4,02
25,05	4,03
25,07	4,03
25,10	4,04
25,12	4,06
25,15	4,07
25,17	4,07
25,20	4,08
25,22	4,10
25,25	4,11
25,27	4,11
25,29	4,11
25,32	4,12
25,34	4,14
25,37	4,14
25,39	4,15
25,42	4,16
25,44	4,18
25,47	4,19
25,49	4,19
25,51	4,20
25,54	4,21
25,56	4,21
25,59	4,22
25,61	4,23
25,64	4,24
25,66	4,25
25,68	4,25
25,71	4,27
25,73	4,28
25,76	4,28
25,78	4,29
25,81	4,31
25,83	4,32
25,86	4,33
25,88	4,34
25,90	4,36
25,93	4,37
25,95	4,37
25,98	4,38
26,00	4,39
26,03	4,39
26,05	4,40
26,08	4,41
26,10	4,42
26,12	4,43
26,15	4,43
26,17	4,45
26,20	4,47
26,22	4,46
26,25	4,46
26,27	4,48
26,30	4,49
26,32	4,49
26,34	4,50
26,37	4,52
26,39	4,53
26,42	4,52
26,44	4,53
26,47	4,54
26,49	4,55
26,52	4,54
26,54	4,55
26,56	4,57
26,59	4,58
26,61	4,58
26,64	4,58
26,66	4,60
26,69	4,61
26,71	4,61
26,73	4,60
26,76	4,62
26,78	4,63
26,81	4,65
26,83	4,66
26,86	4,65
26,88	4,67
26,91	4,67
26,93	4,68
26,95	4,68
26,98	4,69
27,00	4,70
27,03	4,70
27,05	4,71
27,08	4,72
27,10	4,73
27,13	4,74
27,15	4,74
27,17	4,75
27,20	4,76
27,22	4,75
27,25	4,76
27,27	4,77
27,30	4,78
27,32	4,78
27,35	4,79
27,37	4,79
27,39	4,81
27,42	4,80
27,44	4,81
27,47	4,80
27,49	4,81
27,52	4,82
27,54	4,83
27,57	4,83
27,59	4,84
27,61	4,85
27,64	4,85
27,66	4,85
27,69	4,86
27,71	4,87
27,74	4,87
27,76	4,87
27,78	4,88
27,81	4,90
27,83	4,90
27,86	4,89
27,88	4,90
27,91	4,91
27,93	4,90
27,96	4,91
27,98	4,92
28,00	4,93
28,03	4,93
28,05	4,93
28,08	4,94
28,10	4,95
28,13	4,94
28,15	4,95
28,18	4,96
28,20	4,97
28,22	4,96
28,25	4,96
28,27	4,98
28,30	4,98
28,32	4,98
28,35	4,98
28,37	4,99
28,40	5,00
28,42	4,99
28,44	5,00
28,47	5,02
28,49	5,02
28,52	5,02
28,54	5,02
28,57	5,03
28,59	5,05
28,62	5,04
28,64	5,04
28,66	5,05
28,69	5,06
28,71	5,06
28,74	5,06
28,76	5,08
28,79	5,09
28,81	5,08
28,84	5,08
28,86	5,10
28,88	5,10
28,91	5,10
28,93	5,10
28,96	5,12
28,98	5,13
29,01	5,13
29,03	5,13
29,05	5,14
29,08	5,15
29,10	5,14
29,13	5,14
29,15	5,14
29,18	5,15
29,20	5,15
29,23	5,16
29,25	5,17
29,27	5,17
29,30	5,17
29,32	5,18
29,35	5,19
29,37	5,19
29,40	5,18
29,42	5,19
29,45	5,20
29,47	5,20
29,49	5,20
29,52	5,21
29,54	5,21
29,57	5,22
29,59	5,21
29,62	5,23
29,64	5,23
29,67	5,22
29,69	5,23
29,71	5,24
29,74	5,25
29,76	5,25
29,79	5,25
29,81	5,27
29,84	5,27
29,86	5,25
29,89	5,26
29,91	5,27
29,93	5,27
29,96	5,27
29,98	5,27
30,01	5,29
30,03	5,29
30,06	5,28
30,08	5,29
30,10	5,30
30,13	5,30
30,15	5,30
30,18	5,30
30,20	5,32
30,23	5,33
30,25	5,32
30,28	5,32
30,30	5,33
30,32	5,33
30,35	5,32
30,37	5,32
30,40	5,34
30,42	5,34
30,45	5,33
30,47	5,33
30,50	5,35
30,52	5,36
30,54	5,35
30,57	5,35
30,59	5,36
30,62	5,36
30,64	5,36
30,67	5,36
30,69	5,37
30,72	5,38
30,74	5,37
30,76	5,37
30,79	5,39
30,81	5,39
30,84	5,38
30,86	5,38
30,89	5,39
30,91	5,40
30,94	5,40
30,96	5,40
30,98	5,41
31,01	5,41
31,03	5,41
31,06	5,41
31,08	5,42
31,11	5,42
31,13	5,41
31,15	5,42
31,18	5,43
31,20	5,43
31,23	5,43
31,25	5,43
31,28	5,44
31,30	5,44
31,33	5,43
31,35	5,44
31,37	5,45
31,40	5,45
31,42	5,46
31,45	5,46
31,47	5,46
31,50	5,46
31,52	5,45
31,55	5,46
31,57	5,46
31,59	5,45
31,62	5,46
31,64	5,46
31,67	5,46
31,69	5,45
31,72	5,45
31,74	5,46
31,77	5,46
31,79	5,44
31,81	5,44
31,84	5,44
31,86	5,44
31,89	5,43
31,91	5,42
31,94	5,43
31,96	5,42
31,99	5,41
32,01	5,40
32,03	5,40
32,06	5,39
32,08	5,36
32,11	5,35
32,13	5,36
32,16	5,35
32,18	5,33
32,20	5,32
32,23	5,32
32,25	5,30
32,28	5,27
32,30	5,25
32,33	5,25
32,35	5,23
32,38	5,20
32,40	5,19
32,42	5,18
32,45	5,17
32,47	5,14
32,50	5,12
32,52	5,11
32,55	5,08
32,57	5,05
32,60	5,03
32,62	5,02
32,64	5,01
32,67	4,97
32,69	4,95
32,72	4,93
32,74	4,90
32,77	4,87
32,79	4,84
32,82	4,83
32,84	4,80
32,86	4,77
32,89	4,75
32,91	4,73
32,94	4,70
32,96	4,67
32,99	4,65
33,01	4,62
33,04	4,59
33,06	4,56
33,08	4,53
33,11	4,51
33,13	4,47
33,16	4,44
33,18	4,42
33,21	4,39
33,23	4,35
33,26	4,32
33,28	4,30
33,30	4,27
33,33	4,23
33,35	4,21
33,38	4,18
33,40	4,15
33,43	4,11
33,45	4,08
33,47	4,05
33,50	4,01
33,52	3,97
33,55	3,95
33,57	3,92
33,60	3,89
33,62	3,85
33,65	3,82
33,67	3,81
33,69	3,77
33,72	3,73
33,74	3,70
33,77	3,68
33,79	3,65
33,82	3,61
33,84	3,57
33,87	3,55
33,89	3,52
33,91	3,48
33,94	3,45
33,96	3,43
33,99	3,40
34,01	3,35
34,04	3,32
34,06	3,31
34,09	3,28
34,11	3,24
34,13	3,21
34,16	3,19
34,18	3,16
34,21	3,12
34,23	3,08
34,26	3,06
34,28	3,03
34,31	2,99
34,33	2,97
34,35	2,95
34,38	2,92
34,40	2,88
34,43	2,85
34,45	2,84
34,48	2,80
34,50	2,77
34,52	2,75
34,55	2,73
34,57	2,71
34,60	2,67
34,62	2,64
34,65	2,62
34,67	2,59
34,70	2,56
34,72	2,53
34,74	2,51
34,77	2,49
34,79	2,46
34,82	2,44
34,84	2,42
34,87	2,39
34,89	2,37
34,92	2,35
34,94	2,32
34,96	2,29
34,99	2,26
35,01	2,25
35,04	2,23
35,06	2,20
35,09	2,18
35,11	2,16
35,14	2,13
35,16	2,11
35,18	2,08
35,21	2,07
35,23	2,04
35,26	2,01
35,28	2,00
35,31	1,99
35,33	1,97
35,36	1,94
35,38	1,92
35,40	1,91
35,43	1,89
35,45	1,85
35,48	1,83
35,50	1,82
35,53	1,81
35,55	1,78
35,57	1,77
35,60	1,76
35,62	1,75
35,65	1,72
35,67	1,71
35,70	1,70
35,72	1,69
35,75	1,66
35,77	1,65
35,79	1,66
35,82	1,64
35,84	1,62
35,87	1,61
35,89	1,62
35,92	1,60
35,94	1,58
35,97	1,58
35,99	1,59
36,01	1,59
36,04	1,58
36,06	1,58
36,09	1,58
36,11	1,59
36,14	1,57
36,16	1,57
36,19	1,59
36,21	1,58
36,23	1,58
36,26	1,59
36,28	1,60
36,31	1,61
36,33	1,61
36,36	1,62
36,38	1,63
36,41	1,63
36,43	1,64
36,45	1,65
36,48	1,67
36,50	1,69
36,53	1,69
36,55	1,71
36,58	1,73
36,60	1,74
36,62	1,75
36,65	1,76
36,67	1,77
36,70	1,79
36,72	1,80
36,75	1,83
36,77	1,84
36,80	1,85
36,82	1,88
36,84	1,91
36,87	1,92
36,89	1,94
36,92	1,95
36,94	1,98
36,97	2,01
36,99	2,02
37,02	2,05
37,04	2,08
37,06	2,10
37,09	2,11
37,11	2,14
37,14	2,17
37,16	2,19
37,19	2,20
37,21	2,24
37,24	2,27
37,26	2,30
37,28	2,31
37,31	2,34
37,33	2,38
37,36	2,40
37,38	2,41
37,41	2,44
37,43	2,48
37,46	2,50
37,48	2,52
37,50	2,55
37,53	2,59
37,55	2,62
37,58	2,63
37,60	2,66
37,63	2,70
37,65	2,73
37,68	2,74
37,70	2,77
37,72	2,82
37,75	2,85
37,77	2,87
37,80	2,90
37,82	2,94
37,85	2,96
37,87	2,97
37,89	3,00
37,92	3,05
37,94	3,07
37,97	3,10
37,99	3,13
38,02	3,17
38,04	3,20
38,07	3,22
38,09	3,25
38,11	3,29
38,14	3,31
38,16	3,33
38,19	3,37
38,21	3,41
38,24	3,43
38,26	3,46
38,29	3,49
38,31	3,53
38,33	3,55
38,36	3,58
38,38	3,61
38,41	3,64
38,43	3,68
38,46	3,71
38,48	3,75
38,51	3,78
38,53	3,80
38,55	3,83
38,58	3,87
38,60	3,89
38,63	3,92
38,65	3,95
38,68	3,99
38,70	4,02
38,73	4,05
38,75	4,08
38,77	4,12
38,80	4,15
38,82	4,17
38,85	4,20
38,87	4,24
38,90	4,28
38,92	4,30
38,94	4,34
38,97	4,38
38,99	4,41
39,02	4,44
39,04	4,47
39,07	4,51
39,09	4,53
39,12	4,55
39,14	4,59
39,16	4,63
39,19	4,65
39,21	4,68
39,24	4,71
39,26	4,76
39,29	4,78
39,31	4,80
39,34	4,83
39,36	4,87
39,38	4,90
39,41	4,92
39,43	4,96
39,46	5,00
39,48	5,02
39,51	5,04
39,53	5,08
39,56	5,11
39,58	5,14
39,60	5,15
39,63	5,19
39,65	5,23
39,68	5,25
39,70	5,27
39,73	5,31
39,75	5,34
39,78	5,37
39,80	5,39
39,82	5,42
39,85	5,46
39,87	5,48
39,90	5,50
39,92	5,53
39,95	5,56
39,97	5,59
39,99	5,61
40,02	5,63
40,04	5,67
40,07	5,69
40,09	5,71
40,12	5,74
40,14	5,78
40,17	5,80
40,19	5,83
40,21	5,86
40,24	5,89
40,26	5,91
40,29	5,93
40,31	5,95
40,34	5,98
40,36	6,01
40,39	6,03
40,41	6,06
40,43	6,09
40,46	6,10
40,48	6,13
40,51	6,16
40,53	6,18
40,56	6,20
40,58	6,22
40,61	6,26
40,63	6,28
40,65	6,30
40,68	6,33
40,70	6,36
40,73	6,38
40,75	6,40
40,78	6,42
40,80	6,45
40,83	6,47
40,85	6,49
40,87	6,52
40,90	6,56
40,92	6,58
40,95	6,59
40,97	6,62
41,00	6,65
41,02	6,66
41,05	6,67
41,07	6,70
41,09	6,73
41,12	6,75
41,14	6,77
41,17	6,79
41,19	6,83
41,22	6,85
41,24	6,86
41,26	6,88
41,29	6,91
41,31	6,93
41,34	6,95
41,36	6,98
41,39	7,01
41,41	7,02
41,44	7,03
41,46	7,06
41,48	7,09
41,51	7,10
41,53	7,11
41,56	7,14
41,58	7,18
41,61	7,19
41,63	7,21
41,66	7,24
41,68	7,26
41,70	7,28
41,73	7,30
41,75	7,31
41,78	7,34
41,80	7,36
41,83	7,37
41,85	7,41
41,88	7,43
41,90	7,45
41,92	7,46
41,95	7,49
41,97	7,51
42,00	7,52
42,02	7,54
42,05	7,57
42,07	7,59
42,10	7,61
42,12	7,63
42,14	7,65
42,17	7,67
42,19	7,68
42,22	7,70
42,24	7,72
42,27	7,73
42,29	7,74
42,31	7,76
42,34	7,79
42,36	7,81
42,39	7,82
42,41	7,85
42,44	7,87
42,46	7,88
42,49	7,89
42,51	7,91
42,53	7,94
42,56	7,95
42,58	7,96
42,61	7,99
42,63	8,01
42,66	8,02
42,68	8,03
42,71	8,05
42,73	8,08
42,75	8,08
42,78	8,09
42,80	8,12
42,83	8,15
42,85	8,16
42,88	8,17
42,90	8,19
42,93	8,22
42,95	8,23
42,97	8,23
43,00	8,26
43,02	8,28
43,05	8,28
43,07	8,29
43,10	8,32
43,12	8,34
43,15	8,35
43,17	8,36
43,19	8,38
43,22	8,40
43,24	8,40
43,27	8,42
43,29	8,44
43,32	8,47
43,34	8,47
43,36	8,48
43,39	8,51
43,41	8,53
43,44	8,53
43,46	8,54
43,49	8,56
43,51	8,58
43,54	8,58
43,56	8,59
43,58	8,62
43,61	8,63
43,63	8,65
43,66	8,66
43,68	8,67
43,71	8,69
43,73	8,70
43,76	8,71
43,78	8,73
43,80	8,75
43,83	8,75
43,85	8,76
43,88	8,78
43,90	8,80
43,93	8,80
43,95	8,82
43,98	8,83
44,00	8,85
44,02	8,86
44,05	8,88
44,07	8,90
44,10	8,91
44,12	8,91
44,15	8,92
44,17	8,94
44,20	8,94
44,22	8,95
44,24	8,97
44,27	8,99
44,29	9,00
44,32	9,00
44,34	9,02
44,37	9,04
44,39	9,04
44,41	9,05
44,44	9,07
44,46	9,08
44,49	9,09
44,51	9,09
44,54	9,12
44,56	9,14
44,59	9,14
44,61	9,15
44,63	9,16
44,66	9,18
44,68	9,17
44,71	9,17
44,73	9,20
44,76	9,22
44,78	9,22
44,81	9,23
44,83	9,25
44,85	9,28
44,88	9,27
44,90	9,27
44,93	9,29
44,95	9,31
44,98	9,31
45,00	9,32
45,03	9,34
45,05	9,36
45,07	9,36
45,10	9,36
45,12	9,38
45,15	9,39
45,17	9,39
45,20	9,40
45,22	9,42
45,25	9,44
45,27	9,44
45,29	9,45
45,32	9,47
45,34	9,48
45,37	9,48
45,39	9,48
45,42	9,49
45,44	9,51
45,47	9,51
45,49	9,51
45,51	9,53
45,54	9,54
45,56	9,55
45,59	9,56
45,61	9,57
45,64	9,58
45,66	9,58
45,68	9,59
45,71	9,61
45,73	9,62
45,76	9,62
45,78	9,63
45,81	9,65
45,83	9,65
45,86	9,65
45,88	9,66
45,90	9,67
45,93	9,68
45,95	9,69
45,98	9,70
46,00	9,72
46,03	9,72
46,05	9,72
46,08	9,74
46,10	9,75
46,12	9,75
46,15	9,75
46,17	9,77
46,20	9,78
46,22	9,79
46,25	9,78
46,27	9,81
46,30	9,82
46,32	9,81
46,34	9,82
46,37	9,83
46,39	9,84
46,42	9,84
46,44	9,85
46,47	9,88
46,49	9,89
46,52	9,89
46,54	9,90
46,56	9,91
46,59	9,92
46,61	9,91
46,64	9,91
46,66	9,93
46,69	9,94
46,71	9,94
46,73	9,95
46,76	9,96
46,78	9,98
46,81	9,97
46,83	9,97
46,86	10,00
46,88	10,00
46,91	10,00
46,93	10,00
46,95	10,02
46,98	10,03
47,00	10,03
47,03	10,03
47,05	10,05
47,08	10,06
47,10	10,05
47,13	10,05
47,15	10,06
47,17	10,08
47,20	10,07
47,22	10,08
47,25	10,09
47,27	10,10
47,30	10,10
47,32	10,10
47,35	10,11
47,37	10,12
47,39	10,11
47,42	10,12
47,44	10,14
47,47	10,14
47,49	10,14
47,52	10,15
47,54	10,16
47,57	10,16
47,59	10,16
47,61	10,17
47,64	10,18
47,66	10,18
47,69	10,19
47,71	10,20
47,74	10,21
47,76	10,21
47,78	10,21
47,81	10,23
47,83	10,23
47,86	10,23
47,88	10,24
47,91	10,25
47,93	10,26
47,96	10,26
47,98	10,26
48,00	10,29
48,03	10,29
48,05	10,28
48,08	10,28
48,10	10,30
48,13	10,30
48,15	10,30
48,18	10,30
48,20	10,32
48,22	10,32
48,25	10,31
48,27	10,32
48,30	10,32
48,32	10,33
48,35	10,31
48,37	10,31
48,40	10,34
48,42	10,34
48,44	10,33
48,47	10,33
48,49	10,33
48,52	10,33
48,54	10,31
48,57	10,30
48,59	10,31
48,62	10,31
48,64	10,30
48,66	10,29
48,69	10,29
48,71	10,29
48,74	10,27
48,76	10,26
48,79	10,26
48,81	10,25
48,84	10,23
48,86	10,22
48,88	10,22
48,91	10,21
48,93	10,18
48,96	10,16
48,98	10,16
49,01	10,14
49,03	10,11
49,05	10,08
49,08	10,07
49,10	10,06
49,13	10,03
49,15	10,01
49,18	9,99
49,20	9,97
49,23	9,94
49,25	9,92
49,27	9,89
49,30	9,86
49,32	9,82
49,35	9,80
49,37	9,77
49,40	9,74
49,42	9,70
49,45	9,67
49,47	9,64
49,49	9,61
49,52	9,56
49,54	9,54
49,57	9,51
49,59	9,47
49,62	9,44
49,64	9,41
49,67	9,38
49,69	9,33
49,71	9,29
49,74	9,26
49,76	9,22
49,79	9,16
49,81	9,12
49,84	9,09
49,86	9,05
49,89	9,01
49,91	8,97
49,93	8,94
49,96	8,90
49,98	8,85
50,01	8,81
50,03	8,78
50,06	8,74
50,08	8,69
50,10	8,65
50,13	8,62
50,15	8,58
50,18	8,52
50,20	8,48
50,23	8,45
50,25	8,41
50,28	8,35
50,30	8,31
50,32	8,28
50,35	8,24
50,37	8,19
50,40	8,15
50,42	8,12
50,45	8,09
50,47	8,03
50,50	7,98
50,52	7,95
50,54	7,91
50,57	7,85
50,59	7,81
50,62	7,78
50,64	7,74
50,67	7,69
50,69	7,65
50,72	7,62
50,74	7,58
50,76	7,52
50,79	7,49
50,81	7,46
50,84	7,42
50,86	7,37
50,89	7,33
50,91	7,29
50,94	7,24
50,96	7,19
50,98	7,15
51,01	7,12
51,03	7,08
51,06	7,03
51,08	7,00
51,11	6,96
51,13	6,92
51,15	6,88
51,18	6,84
51,20	6,80
51,23	6,76
51,25	6,71
51,28	6,67
51,30	6,64
51,33	6,59
51,35	6,55
51,37	6,52
51,40	6,48
51,42	6,43
51,45	6,38
51,47	6,35
51,50	6,31
51,52	6,26
51,55	6,23
51,57	6,20
51,59	6,16
51,62	6,11
51,64	6,07
51,67	6,03
51,69	5,99
51,72	5,93
51,74	5,90
51,77	5,87
51,79	5,83
51,81	5,79
51,84	5,75
51,86	5,73
51,89	5,68
51,91	5,63
51,94	5,60
51,96	5,57
51,99	5,53
52,01	5,48
52,03	5,45
52,06	5,43
52,08	5,39
52,11	5,35
52,13	5,31
52,16	5,29
52,18	5,26
52,20	5,21
52,23	5,18
52,25	5,16
52,28	5,13
52,30	5,09
52,33	5,07
52,35	5,04
52,38	5,02
52,40	4,97
52,42	4,94
52,45	4,92
52,47	4,89
52,50	4,86
52,52	4,84
52,55	4,82
52,57	4,80
52,60	4,77
52,62	4,75
52,64	4,74
52,67	4,72
52,69	4,69
52,72	4,68
52,74	4,66
52,77	4,65
52,79	4,63
52,82	4,62
52,84	4,62
52,86	4,59
52,89	4,58
52,91	4,56
52,94	4,55
52,96	4,54
52,99	4,53
53,01	4,53
53,04	4,53
53,06	4,52
53,08	4,52
53,11	4,53
53,13	4,52
53,16	4,52
53,18	4,52
53,21	4,52
53,23	4,53
53,26	4,52
53,28	4,52
53,30	4,53
53,33	4,54
53,35	4,53
53,38	4,53
53,40	4,55
53,43	4,55
53,45	4,55
53,47	4,57
53,50	4,58
53,52	4,59
53,55	4,59
53,57	4,60
53,60	4,63
53,62	4,63
53,65	4,63
53,67	4,64
53,69	4,66
53,72	4,68
53,74	4,68
53,77	4,69
53,79	4,72
53,82	4,73
53,84	4,74
53,87	4,76
53,89	4,78
53,91	4,80
53,94	4,82
53,96	4,84
53,99	4,86
54,01	4,88
54,04	4,90
54,06	4,91
54,09	4,93
54,11	4,95
54,13	4,96
54,16	4,99
54,18	5,00
54,21	5,02
54,23	5,05
54,26	5,07
54,28	5,08
54,31	5,12
54,33	5,13
54,35	5,14
54,38	5,16
54,40	5,18
54,43	5,20
54,45	5,22
54,48	5,24
54,50	5,27
54,52	5,29
54,55	5,31
54,57	5,32
54,60	5,34
54,62	5,36
54,65	5,39
54,67	5,41
54,70	5,44
54,72	5,47
54,74	5,49
54,77	5,51
54,79	5,53
54,82	5,56
54,84	5,58
54,87	5,61
54,89	5,63
54,92	5,67
54,94	5,70
54,96	5,72
54,99	5,76
55,01	5,79
55,04	5,82
55,06	5,85
55,09	5,88
55,11	5,92
55,14	5,95
55,16	5,98
55,18	6,01
55,21	6,05
55,23	6,09
55,26	6,11
55,28	6,14
55,31	6,18
55,33	6,21
55,36	6,24
55,38	6,28
55,40	6,32
55,43	6,36
55,45	6,38
55,48	6,42
55,50	6,48
55,53	6,51
55,55	6,53
55,57	6,57
55,60	6,62
55,62	6,65
55,65	6,68
55,67	6,72
55,70	6,77
55,72	6,81
55,75	6,83
55,77	6,87
55,79	6,92
55,82	6,95
55,84	6,97
55,87	7,01
55,89	7,07
55,92	7,10
55,94	7,13
55,97	7,18
55,99	7,22
56,01	7,25
56,04	7,28
56,06	7,32
56,09	7,37
56,11	7,40
56,14	7,43
56,16	7,47
56,19	7,51
56,21	7,55
56,23	7,58
56,26	7,62
56,28	7,66
56,31	7,69
56,33	7,73
56,36	7,77
56,38	7,82
56,41	7,85
56,43	7,88
56,45	7,93
56,48	7,98
56,50	8,00
56,53	8,04
56,55	8,08
56,58	8,12
56,60	8,16
56,62	8,19
56,65	8,24
56,67	8,28
56,70	8,31
56,72	8,36
56,75	8,40
56,77	8,44
56,80	8,47
56,82	8,51
56,84	8,56
56,87	8,60
56,89	8,63
56,92	8,67
56,94	8,72
56,97	8,75
56,99	8,78
57,02	8,82
57,04	8,87
57,06	8,90
57,09	8,94
57,11	8,99
57,14	9,03
57,16	9,07
57,19	9,10
57,21	9,14
57,24	9,19
57,26	9,22
57,28	9,24
57,31	9,29
57,33	9,33
57,36	9,37
57,38	9,40
57,41	9,44
57,43	9,49
57,46	9,52
57,48	9,54
57,50	9,59
57,53	9,64
57,55	9,67
57,58	9,70
57,60	9,75
57,63	9,79
57,65	9,82
57,68	9,85
57,70	9,90
57,72	9,94
57,75	9,97
57,77	10,00
57,80	10,05
57,82	10,10
57,85	10,13
57,87	10,16
57,89	10,21
57,92	10,26
57,94	10,30
57,97	10,33
57,99	10,37
58,02	10,41
58,04	10,44
58,07	10,47
58,09	10,52
58,11	10,56
58,14	10,60
58,16	10,63
58,19	10,67
58,21	10,71
58,24	10,74
58,26	10,77
58,29	10,82
58,31	10,86
58,33	10,90
58,36	10,94
58,38	10,98
58,41	11,02
58,43	11,05
58,46	11,08
58,48	11,12
58,51	11,16
58,53	11,19
58,55	11,23
58,58	11,27
58,60	11,31
58,63	11,34
58,65	11,38
58,68	11,43
58,70	11,46
58,73	11,49
58,75	11,53
58,77	11,57
58,80	11,61
58,82	11,64
58,85	11,68
58,87	11,73
58,90	11,76
58,92	11,78
58,94	11,82
58,97	11,87
58,99	11,89
59,02	11,92
59,04	11,96
59,07	12,01
59,09	12,04
59,12	12,07
59,14	12,11
59,16	12,15
59,19	12,17
59,21	12,19
59,24	12,24
59,26	12,28
59,29	12,31
59,31	12,33
59,34	12,37
59,36	12,42
59,38	12,44
59,41	12,46
59,43	12,51
59,46	12,55
59,48	12,57
59,51	12,60
59,53	12,64
59,56	12,68
59,58	12,70
59,60	12,73
59,63	12,77
59,65	12,80
59,68	12,83
59,70	12,85
59,73	12,89
59,75	12,93
59,78	12,96
59,80	12,99
59,82	13,03
59,85	13,06
59,87	13,10
59,90	13,12
59,92	13,15
59,95	13,19
59,97	13,21
59,99	13,24
60,02	13,28
60,04	13,32
60,07	13,35
60,09	13,37
60,12	13,40
60,14	13,44
60,17	13,46
60,19	13,49
60,21	13,54
60,24	13,57
60,26	13,60
60,29	13,63
60,31	13,67
60,34	13,70
60,36	13,72
60,39	13,75
60,41	13,79
60,43	13,81
60,46	13,83
60,48	13,87
60,51	13,90
60,53	13,93
60,56	13,95
60,58	13,99
60,61	14,04
60,63	14,05
60,65	14,07
60,68	14,11
60,70	14,14
60,73	14,16
60,75	14,18
60,78	14,22
60,80	14,26
60,83	14,27
60,85	14,30
60,87	14,33
60,90	14,37
60,92	14,38
60,95	14,40
60,97	14,44
61,00	14,47
61,02	14,49
61,05	14,51
61,07	14,55
61,09	14,59
61,12	14,60
61,14	14,62
61,17	14,66
61,19	14,69
61,22	14,71
61,24	14,73
61,26	14,76
61,29	14,80
61,31	14,82
61,34	14,84
61,36	14,88
61,39	14,91
61,41	14,93
61,44	14,95
61,46	14,99
61,48	15,03
61,51	15,05
61,53	15,06
61,56	15,10
61,58	15,13
61,61	15,15
61,63	15,16
61,66	15,20
61,68	15,23
61,70	15,25
61,73	15,27
61,75	15,30
61,78	15,33
61,80	15,35
61,83	15,37
61,85	15,40
61,88	15,43
61,90	15,44
61,92	15,47
61,95	15,50
61,97	15,53
62,00	15,54
62,02	15,57
62,05	15,60
62,07	15,62
62,10	15,63
62,12	15,65
62,14	15,68
62,17	15,70
62,19	15,72
62,22	15,75
62,24	15,78
62,27	15,80
62,29	15,81
62,31	15,84
62,34	15,87
62,36	15,88
62,39	15,90
62,41	15,92
62,44	15,95
62,46	15,97
62,49	15,98
62,51	16,01
62,53	16,04
62,56	16,05
62,58	16,06
62,61	16,09
62,63	16,12
62,66	16,14
62,68	16,15
62,71	16,19
62,73	16,22
62,75	16,23
62,78	16,25
62,80	16,28
62,83	16,31
62,85	16,32
62,88	16,33
62,90	16,37
62,93	16,39
62,95	16,40
62,97	16,42
63,00	16,45
63,02	16,48
63,05	16,49
63,07	16,50
63,10	16,53
63,12	16,56
63,15	16,57
63,17	16,59
63,19	16,62
63,22	16,65
63,24	16,66
63,27	16,67
63,29	16,70
63,32	16,72
63,34	16,73
63,36	16,74
63,39	16,77
63,41	16,80
63,44	16,82
63,46	16,83
63,49	16,86
63,51	16,88
63,54	16,89
63,56	16,90
63,58	16,92
63,61	16,95
63,63	16,96
63,66	16,97
63,68	17,00
63,71	17,02
63,73	17,03
63,76	17,05
63,78	17,07
63,80	17,09
63,83	17,10
63,85	17,12
63,88	17,15
63,90	17,17
63,93	17,18
63,95	17,19
63,98	17,22
64,00	17,23
64,02	17,23
64,05	17,25
64,07	17,27
64,10	17,28
64,12	17,30
64,15	17,32
64,17	17,34
64,20	17,36
64,22	17,36
64,24	17,40
64,27	17,41
64,29	17,42
64,32	17,43
64,34	17,45
64,37	17,48
64,39	17,49
64,41	17,50
64,44	17,53
64,46	17,55
64,49	17,55
64,51	17,55
64,54	17,58
64,56	17,60
64,59	17,61
64,61	17,62
64,63	17,66
64,66	17,67
64,68	17,68
64,71	17,69
64,73	17,71
64,76	17,73
64,78	17,73
64,81	17,73
64,83	17,77
64,85	17,78
64,88	17,79
64,90	17,80
64,93	17,82
64,95	17,84
64,98	17,84
65,00	17,85
65,03	17,87
65,05	17,89
65,07	17,89
65,10	17,90
65,12	17,92
65,15	17,94
65,17	17,93
65,20	17,94
65,22	17,96
65,25	17,97
65,27	17,97
65,29	17,96
65,32	17,98
65,34	18,00
65,37	18,00
65,39	18,00
65,42	18,02
65,44	18,02
65,47	18,02
65,49	18,01
65,51	18,02
65,54	18,02
65,56	18,01
65,59	18,01
65,61	18,02
65,64	18,01
65,66	17,99
65,68	17,99
65,71	17,99
65,73	17,98
65,76	17,96
65,78	17,96
65,81	17,96
65,83	17,94
65,86	17,93
65,88	17,92
65,90	17,91
65,93	17,89
65,95	17,87
65,98	17,86
66,00	17,84
66,03	17,81
66,05	17,79
66,08	17,78
66,10	17,76
66,12	17,72
66,15	17,70
66,17	17,68
66,20	17,66
66,22	17,62
66,25	17,59
66,27	17,57
66,30	17,55
66,32	17,52
66,34	17,49
66,37	17,47
66,39	17,44
66,42	17,40
66,44	17,37
66,47	17,34
66,49	17,31
66,52	17,26
66,54	17,23
66,56	17,22
66,59	17,20
66,61	17,15
66,64	17,12
66,66	17,09
66,69	17,06
66,71	17,02
66,73	16,97
66,76	16,95
66,78	16,92
66,81	16,88
66,83	16,84
66,86	16,82
66,88	16,80
66,91	16,75
66,93	16,71
66,95	16,69
66,98	16,66
67,00	16,61
67,03	16,58
67,05	16,56
67,08	16,52
67,10	16,47
67,13	16,44
67,15	16,41
67,17	16,38
67,20	16,33
67,22	16,28
67,25	16,26
67,27	16,23
67,30	16,18
67,32	16,15
67,35	16,12
67,37	16,08
67,39	16,04
67,42	16,01
67,44	15,97
67,47	15,94
67,49	15,89
67,52	15,86
67,54	15,83
67,57	15,79
67,59	15,74
67,61	15,71
67,64	15,67
67,66	15,63
67,69	15,59
67,71	15,56
67,74	15,52
67,76	15,47
67,78	15,44
67,81	15,41
67,83	15,37
67,86	15,32
67,88	15,27
67,91	15,24
67,93	15,19
67,96	15,13
67,98	15,09
68,00	15,06
68,03	15,01
68,05	14,96
68,08	14,91
68,10	14,88
68,13	14,83
68,15	14,78
68,18	14,73
68,20	14,69
68,22	14,65
68,25	14,59
68,27	14,54
68,30	14,51
68,32	14,46
68,35	14,40
68,37	14,36
68,40	14,32
68,42	14,28
68,44	14,21
68,47	14,17
68,49	14,15
68,52	14,10
68,54	14,04
68,57	13,99
68,59	13,96
68,62	13,92
68,64	13,86
68,66	13,80
68,69	13,77
68,71	13,73
68,74	13,67
68,76	13,63
68,79	13,60
68,81	13,56
68,83	13,51
68,86	13,46
68,88	13,43
68,91	13,38
68,93	13,33
68,96	13,29
68,98	13,26
69,01	13,22
69,03	13,16
69,05	13,12
69,08	13,10
69,10	13,05
69,13	13,00
69,15	12,96
69,18	12,93
69,20	12,89
69,23	12,85
69,25	12,82
69,27	12,79
69,30	12,74
69,32	12,71
69,35	12,68
69,37	12,65
69,40	12,61
69,42	12,57
69,45	12,55
69,47	12,52
69,49	12,48
69,52	12,45
69,54	12,43
69,57	12,40
69,59	12,37
69,62	12,34
69,64	12,33
69,67	12,30
69,69	12,27
69,71	12,26
69,74	12,24
69,76	12,23
69,79	12,20
69,81	12,17
69,84	12,16
69,86	12,14
69,89	12,11
69,91	12,10
69,93	12,09
69,96	12,08
69,98	12,05
70,01	12,04
70,03	12,04
70,06	12,03
70,08	12,00
70,10	11,99
70,13	11,99
70,15	11,98
70,18	11,95
70,20	11,95
70,23	11,95
70,25	11,94
70,28	11,92
70,30	11,91
70,32	11,91
70,35	11,90
70,37	11,88
70,40	11,88
70,42	11,89
70,45	11,88
70,47	11,86
70,50	11,86
70,52	11,87
70,54	11,87
70,57	11,85
70,59	11,84
70,62	11,85
70,64	11,83
70,67	11,82
70,69	11,82
70,72	11,82
70,74	11,82
70,76	11,81
70,79	11,81
70,81	11,82
70,84	11,80
70,86	11,80
70,89	11,80
70,91	11,80
70,94	11,80
70,96	11,79
70,98	11,80
71,01	11,80
71,03	11,79
71,06	11,78
71,08	11,78
71,11	11,77
71,13	11,77
71,15	11,76
71,18	11,77
71,20	11,78
71,23	11,77
71,25	11,78
71,28	11,79
71,30	11,79
71,33	11,78
71,35	11,78
71,37	11,79
71,40	11,80
71,42	11,80
71,45	11,80
71,47	11,81
71,50	11,82
71,52	11,82
71,55	11,82
71,57	11,84
71,59	11,84
71,62	11,84
71,64	11,86
71,67	11,88
71,69	11,90
71,72	11,90
71,74	11,91
71,77	11,94
71,79	11,95
71,81	11,95
71,84	11,97
71,86	12,00
71,89	12,01
71,91	12,02
71,94	12,04
71,96	12,08
71,99	12,10
72,01	12,10
72,03	12,13
72,06	12,16
72,08	12,18
72,11	12,20
72,13	12,22
72,16	12,27
72,18	12,29
72,20	12,30
72,23	12,33
72,25	12,37
72,28	12,39
72,30	12,40
72,33	12,42
72,35	12,47
72,38	12,49
72,40	12,50
72,42	12,53
72,45	12,57
72,47	12,60
72,50	12,61
72,52	12,64
72,55	12,68
72,57	12,70
72,60	12,72
72,62	12,75
72,64	12,79
72,67	12,81
72,69	12,83
72,72	12,86
72,74	12,90
72,77	12,92
72,79	12,94
72,82	12,97
72,84	13,00
72,86	13,03
72,89	13,06
72,91	13,10
72,94	13,13
72,96	13,15
72,99	13,19
73,01	13,22
73,04	13,24
73,06	13,27
73,08	13,30
73,11	13,34
73,13	13,38
73,16	13,40
73,18	13,43
73,21	13,47
73,23	13,50
73,25	13,52
73,28	13,56
73,30	13,59
73,33	13,63
73,35	13,65
73,38	13,69
73,40	13,73
73,43	13,77
73,45	13,79
73,47	13,83
73,50	13,88
73,52	13,90
73,55	13,93
73,57	13,97
73,60	14,02
73,62	14,05
73,65	14,08
73,67	14,12
73,69	14,17
73,72	14,20
73,74	14,22
73,77	14,27
73,79	14,32
73,82	14,36
73,84	14,39
73,87	14,43
73,89	14,48
73,91	14,51
73,94	14,54
73,96	14,59
73,99	14,64
74,01	14,67
74,04	14,71
74,06	14,76
74,09	14,82
74,11	14,85
74,13	14,88
74,16	14,93
74,18	14,98
74,21	15,01
74,23	15,04
74,26	15,09
74,28	15,14
74,31	15,17
74,33	15,21
74,35	15,26
74,38	15,31
74,40	15,35
74,43	15,38
74,45	15,42
74,48	15,47
74,50	15,50
74,52	15,54
74,55	15,59
74,57	15,64
74,60	15,68
74,62	15,72
74,65	15,77
74,67	15,82
74,70	15,85
74,72	15,90
74,74	15,94
74,77	15,99
74,79	16,03
74,82	16,07
74,84	16,12
74,87	16,17
74,89	16,20
74,92	16,25
74,94	16,31
74,96	16,35
74,99	16,39
75,01	16,43
75,04	16,49
75,06	16,54
75,09	16,57
75,11	16,62
75,14	16,68
75,16	16,72
75,18	16,76
75,21	16,81
75,23	16,86
75,26	16,91
75,28	16,95
75,31	17,01
75,33	17,06
75,36	17,11
75,38	17,14
75,40	17,19
75,43	17,25
75,45	17,29
75,48	17,32
75,50	17,37
75,53	17,44
75,55	17,48
75,57	17,51
75,60	17,57
75,62	17,63
75,65	17,67
75,67	17,70
75,70	17,76
75,72	17,82
75,75	17,86
75,77	17,90
75,79	17,95
75,82	18,01
75,84	18,05
75,87	18,09
75,89	18,15
75,92	18,21
75,94	18,25
75,97	18,28
75,99	18,33
76,01	18,40
76,04	18,44
76,06	18,49
76,09	18,55
76,11	18,60
76,14	18,64
76,16	18,68
76,19	18,73
76,21	18,78
76,23	18,82
76,26	18,87
76,28	18,92
76,31	18,98
76,33	19,02
76,36	19,06
76,38	19,12
76,41	19,18
76,43	19,22
76,45	19,26
76,48	19,32
76,50	19,37
76,53	19,42
76,55	19,47
76,58	19,52
76,60	19,57
76,62	19,61
76,65	19,66
76,67	19,71
76,70	19,76
76,72	19,80
76,75	19,85
76,77	19,91
76,80	19,96
76,82	20,00
76,84	20,06
76,87	20,11
76,89	20,16
76,92	20,19
76,94	20,24
76,97	20,30
76,99	20,35
77,02	20,39
77,04	20,44
77,06	20,50
77,09	20,54
77,11	20,58
77,14	20,64
77,16	20,70
77,19	20,73
77,21	20,77
77,24	20,83
77,26	20,89
77,28	20,92
77,31	20,97
77,33	21,02
77,36	21,08
77,38	21,11
77,41	21,15
77,43	21,21
77,46	21,27
77,48	21,30
77,50	21,35
77,53	21,41
77,55	21,47
77,58	21,50
77,60	21,54
77,63	21,60
77,65	21,66
77,68	21,70
77,70	21,74
77,72	21,79
77,75	21,86
77,77	21,90
77,80	21,94
77,82	22,00
77,85	22,06
77,87	22,10
77,89	22,13
77,92	22,19
77,94	22,26
77,97	22,29
77,99	22,34
78,02	22,39
78,04	22,45
78,07	22,49
78,09	22,53
78,11	22,58
78,14	22,63
78,16	22,67
78,19	22,71
78,21	22,77
78,24	22,82
78,26	22,86
78,29	22,90
78,31	22,96
78,33	23,01
78,36	23,04
78,38	23,09
78,41	23,13
78,43	23,18
78,46	23,22
78,48	23,27
78,51	23,33
78,53	23,37
78,55	23,41
78,58	23,46
78,60	23,51
78,63	23,54
78,65	23,58
78,68	23,63
78,70	23,69
78,73	23,73
78,75	23,76
78,77	23,82
78,80	23,87
78,82	23,91
78,85	23,94
78,87	24,00
78,90	24,05
78,92	24,09
78,94	24,13
78,97	24,19
78,99	24,24
79,02	24,28
79,04	24,32
79,07	24,37
79,09	24,42
79,12	24,45
79,14	24,49
79,16	24,55
79,19	24,60
79,21	24,63
79,24	24,67
79,26	24,72
79,29	24,79
79,31	24,82
79,34	24,85
79,36	24,91
79,38	24,96
79,41	24,99
79,43	25,03
79,46	25,09
79,48	25,15
79,51	25,18
79,53	25,21
79,56	25,27
79,58	25,31
79,60	25,34
79,63	25,39
79,65	25,44
79,68	25,49
79,70	25,52
79,73	25,57
79,75	25,63
79,78	25,67
79,80	25,70
79,82	25,74
79,85	25,79
79,87	25,84
79,90	25,87
79,92	25,91
79,95	25,96
79,97	26,00
79,99	26,04
80,02	26,07
80,04	26,12
80,07	26,17
80,09	26,20
80,12	26,24
80,14	26,29
80,17	26,34
80,19	26,37
80,21	26,41
80,24	26,46
80,26	26,50
80,29	26,53
80,31	26,58
80,34	26,62
80,36	26,65
80,39	26,68
80,41	26,73
80,43	26,78
80,46	26,82
80,48	26,85
80,51	26,91
80,53	26,95
80,56	26,97
80,58	27,01
80,61	27,06
80,63	27,11
80,65	27,14
80,68	27,17
80,70	27,23
80,73	27,27
80,75	27,29
80,78	27,32
80,80	27,37
80,83	27,41
80,85	27,45
80,87	27,48
80,90	27,54
80,92	27,59
80,95	27,62
80,97	27,65
81,00	27,70
81,02	27,74
81,04	27,78
81,07	27,82
81,09	27,85
81,12	27,88
81,14	27,93
81,17	27,96
81,19	27,99
81,22	28,04
81,24	28,08
81,26	28,12
81,29	28,14
81,31	28,18
81,34	28,23
81,36	28,26
81,39	28,29
81,41	28,34
81,44	28,38
81,46	28,41
81,48	28,44
81,51	28,48
81,53	28,52
81,56	28,54
81,58	28,58
81,61	28,63
81,63	28,66
81,66	28,69
81,68	28,72
81,70	28,75
81,73	28,77
81,75	28,81
81,78	28,85
81,80	28,87
81,83	28,91
81,85	28,95
81,88	28,98
81,90	29,01
81,92	29,03
81,95	29,07
81,97	29,11
82,00	29,12
82,02	29,16
82,05	29,20
82,07	29,22
82,10	29,24
82,12	29,27
82,14	29,30
82,17	29,32
82,19	29,34
82,22	29,36
82,24	29,39
82,27	29,40
82,29	29,42
82,31	29,44
82,34	29,48
82,36	29,49
82,39	29,50
82,41	29,53
82,44	29,55
82,46	29,54
82,49	29,55
82,51	29,58
82,53	29,59
82,56	29,60
82,58	29,60
82,61	29,63
82,63	29,64
82,66	29,64
82,68	29,64
82,71	29,66
82,73	29,67
82,75	29,67
82,78	29,67
82,80	29,70
82,83	29,71
82,85	29,71
82,88	29,71
82,90	29,72
82,93	29,73
82,95	29,72
82,97	29,71
83,00	29,72
83,02	29,73
83,05	29,72
83,07	29,72
83,10	29,73
83,12	29,74
83,15	29,73
83,17	29,71
83,19	29,73
83,22	29,73
83,24	29,71
83,27	29,71
83,29	29,72
83,32	29,72
83,34	29,71
83,36	29,70
83,39	29,71
83,41	29,70
83,44	29,68
83,46	29,67
83,49	29,68
83,51	29,68
83,54	29,67
83,56	29,66
83,58	29,67
83,61	29,66
83,63	29,65
83,66	29,65
83,68	29,65
83,71	29,64
83,73	29,62
83,76	29,62
83,78	29,62
83,80	29,61
83,83	29,60
83,85	29,60
83,88	29,60
83,90	29,58
83,93	29,57
83,95	29,57
83,98	29,57
84,00	29,55
84,02	29,55
84,05	29,55
84,07	29,55
84,10	29,53
84,12	29,51
84,15	29,51
84,17	29,50
84,20	29,47
84,22	29,46
84,24	29,45
84,27	29,44
84,29	29,42
84,32	29,40
84,34	29,40
84,37	29,39
84,39	29,35
84,41	29,33
84,44	29,33
84,46	29,31
84,49	29,28
84,51	29,26
84,54	29,25
84,56	29,23
84,59	29,19
84,61	29,16
84,63	29,16
84,66	29,13
84,68	29,09
84,71	29,06
84,73	29,06
84,76	29,04
84,78	28,99
84,81	28,97
84,83	28,95
84,85	28,93
84,88	28,89
84,90	28,85
84,93	28,84
84,95	28,81
84,98	28,77
85,00	28,74
85,03	28,71
85,05	28,70
85,07	28,65
85,10	28,61
85,12	28,60
85,15	28,57
85,17	28,53
85,20	28,50
85,22	28,48
85,25	28,46
85,27	28,42
85,29	28,39
85,32	28,37
85,34	28,33
85,37	28,29
85,39	28,26
85,42	28,24
85,44	28,22
85,47	28,18
85,49	28,15
85,51	28,13
85,54	28,10
85,56	28,07
85,59	28,04
85,61	28,01
85,64	27,98
85,66	27,94
85,68	27,92
85,71	27,90
85,73	27,86
85,76	27,84
85,78	27,81
85,81	27,79
85,83	27,75
85,86	27,71
85,88	27,70
85,90	27,66
85,93	27,62
85,95	27,60
85,98	27,58
86,00	27,56
86,03	27,52
86,05	27,48
86,08	27,47
86,10	27,43
86,12	27,39
86,15	27,36
86,17	27,34
86,20	27,32
86,22	27,28
86,25	27,26
86,27	27,25
86,30	27,22
86,32	27,18
86,34	27,16
86,37	27,15
86,39	27,13
86,42	27,09
86,44	27,06
86,47	27,05
86,49	27,04
86,52	27,00
86,54	26,98
86,56	26,97
86,59	26,95
86,61	26,91
86,64	26,89
86,66	26,89
86,69	26,87
86,71	26,84
86,73	26,82
86,76	26,82
86,78	26,81
86,81	26,77
86,83	26,75
86,86	26,76
86,88	26,74
86,91	26,71
86,93	26,69
86,95	26,69
86,98	26,67
87,00	26,65
87,03	26,63
87,05	26,63
87,08	26,61
87,10	26,58
87,13	26,58
87,15	26,57
87,17	26,56
87,20	26,53
87,22	26,53
87,25	26,52
87,27	26,49
87,30	26,47
87,32	26,46
87,35	26,44
87,37	26,42
87,39	26,40
87,42	26,39
87,44	26,38
87,47	26,35
87,49	26,34
87,52	26,33
87,54	26,31
87,57	26,29
87,59	26,27
87,61	26,26
87,64	26,25
87,66	26,22
87,69	26,20
87,71	26,19
87,74	26,18
87,76	26,15
87,78	26,13
87,81	26,12
87,83	26,10
87,86	26,07
87,88	26,06
87,91	26,06
87,93	26,05
87,96	26,02
87,98	26,00
88,00	26,01
88,03	25,99
88,05	25,96
88,08	25,95
88,10	25,96
88,13	25,95
88,15	25,92
88,18	25,91
88,20	25,92
88,22	25,91
88,25	25,88
88,27	25,88
88,30	25,88
88,32	25,88
88,35	25,87
88,37	25,86
88,40	25,88
88,42	25,88
88,44	25,86
88,47	25,86
88,49	25,88
88,52	25,87
88,54	25,85
88,57	25,86
88,59	25,88
88,62	25,89
88,64	25,88
88,66	25,89
88,69	25,90
88,71	25,90
88,74	25,90
88,76	25,90
88,79	25,92
88,81	25,92
88,83	25,91
88,86	25,92
88,88	25,94
88,91	25,94
88,93	25,94
88,96	25,95
88,98	25,97
89,01	25,96
89,03	25,96
89,05	25,97
89,08	25,99
89,10	26,00
89,13	26,00
89,15	26,02
89,18	26,04
89,20	26,04
89,23	26,04
89,25	26,05
89,27	26,05
89,30	26,06
89,32	26,06
89,35	26,08
89,37	26,10
89,40	26,09
89,42	26,11
89,45	26,13
89,47	26,14
89,49	26,14
89,52	26,15
89,54	26,17
89,57	26,18
89,59	26,18
89,62	26,19
89,64	26,22
89,67	26,23
89,69	26,23
89,71	26,24
89,74	26,26
89,76	26,27
89,79	26,27
89,81	26,28
89,84	26,31
89,86	26,32
89,89	26,32
89,91	26,33
89,93	26,37
89,96	26,38
89,98	26,38
90,01	26,39
90,03	26,42
90,06	26,44
90,08	26,44
90,10	26,46
90,13	26,49
90,15	26,50
90,18	26,51
90,20	26,53
90,23	26,56
90,25	26,57
90,28	26,58
90,30	26,60
90,32	26,64
90,35	26,66
90,37	26,66
90,40	26,69
90,42	26,73
90,45	26,74
90,47	26,75
90,50	26,77
90,52	26,81
90,54	26,82
90,57	26,84
90,59	26,87
90,62	26,90
90,64	26,92
90,67	26,94
90,69	26,97
90,72	27,01
90,74	27,02
90,76	27,05
90,79	27,09
90,81	27,12
90,84	27,14
90,86	27,17
90,89	27,20
90,91	27,24
90,94	27,27
90,96	27,29
90,98	27,32
91,01	27,35
91,03	27,38
91,06	27,41
91,08	27,45
91,11	27,49
91,13	27,51
91,15	27,55
91,18	27,59
91,20	27,62
91,23	27,65
91,25	27,68
91,28	27,72
91,30	27,76
91,33	27,78
91,35	27,81
91,37	27,85
91,40	27,89
91,42	27,91
91,45	27,94
91,47	27,98
91,50	28,02
91,52	28,04
91,55	28,08
91,57	28,13
91,59	28,16
91,62	28,18
91,64	28,22
91,67	28,28
91,69	28,30
91,72	28,32
91,74	28,37
91,77	28,42
91,79	28,45
91,81	28,48
91,84	28,52
91,86	28,58
91,89	28,61
91,91	28,63
91,94	28,68
91,96	28,73
91,99	28,77
92,01	28,80
92,03	28,85
92,06	28,91
92,08	28,94
92,11	28,97
92,13	29,02
92,16	29,07
92,18	29,10
92,20	29,13
92,23	29,18
92,25	29,24
92,28	29,27
92,30	29,30
92,33	29,35
92,35	29,40
92,38	29,44
92,40	29,47
92,42	29,52
92,45	29,57
92,47	29,60
92,50	29,64
92,52	29,69
92,55	29,75
92,57	29,79
92,60	29,82
92,62	29,87
92,64	29,92
92,67	29,96
92,69	30,00
92,72	30,06
92,74	30,11
92,77	30,15
92,79	30,20
92,82	30,26
92,84	30,31
92,86	30,35
92,89	30,39
92,91	30,45
92,94	30,50
92,96	30,55
92,99	30,59
93,01	30,65
93,04	30,70
93,06	30,74
93,08	30,80
93,11	30,86
93,13	30,91
93,16	30,94
93,18	30,99
93,21	31,06
93,23	31,11
93,25	31,14
93,28	31,20
93,30	31,26
93,33	31,31
93,35	31,36
93,38	31,41
93,40	31,47
93,43	31,51
93,45	31,56
93,47	31,62
93,50	31,69
93,52	31,74
93,55	31,77
93,57	31,83
93,60	31,90
93,62	31,94
93,65	31,98
93,67	32,05
93,69	32,12
93,72	32,16
93,74	32,20
93,77	32,26
93,79	32,33
93,82	32,37
93,84	32,41
93,87	32,47
93,89	32,54
93,91	32,58
93,94	32,63
93,96	32,69
93,99	32,76
94,01	32,80
94,04	32,84
94,06	32,91
94,09	32,98
94,11	33,02
94,13	33,06
94,16	33,13
94,18	33,21
94,21	33,26
94,23	33,31
94,26	33,37
94,28	33,43
94,31	33,48
94,33	33,53
94,35	33,59
94,38	33,66
94,40	33,71
94,43	33,76
94,45	33,83
94,48	33,90
94,50	33,95
94,52	34,00
94,55	34,07
94,57	34,14
94,60	34,19
94,62	34,24
94,65	34,31
94,67	34,38
94,70	34,44
94,72	34,49
94,74	34,56
94,77	34,62
94,79	34,67
94,82	34,73
94,84	34,80
94,87	34,85
94,89	34,91
94,92	34,97
94,94	35,05
94,96	35,11
94,99	35,16
95,01	35,23
95,04	35,30
95,06	35,35
95,09	35,40
95,11	35,46
95,14	35,54
95,16	35,60
95,18	35,65
95,21	35,72
95,23	35,80
95,26	35,85
95,28	35,90
95,31	35,98
95,33	36,05
95,36	36,10
95,38	36,15
95,40	36,23
95,43	36,30
95,45	36,35
95,48	36,40
95,50	36,47
95,53	36,55
95,55	36,60
95,57	36,64
95,60	36,72
95,62	36,79
95,65	36,85
95,67	36,91
95,70	36,99
95,72	37,06
95,75	37,12
95,77	37,17
95,79	37,24
95,82	37,31
95,84	37,35
95,87	37,41
95,89	37,48
95,92	37,57
95,94	37,62
95,97	37,67
95,99	37,74
96,01	37,82
96,04	37,87
96,06	37,93
96,09	38,00
96,11	38,08
96,14	38,12
96,16	38,18
96,19	38,25
96,21	38,32
96,23	38,38
96,26	38,44
96,28	38,50
96,31	38,57
96,33	38,62
96,36	38,68
96,38	38,76
96,41	38,83
96,43	38,88
96,45	38,95
96,48	39,03
96,50	39,10
96,53	39,15
96,55	39,22
96,58	39,30
96,60	39,36
96,62	39,43
96,65	39,50
96,67	39,57
96,70	39,64
96,72	39,69
96,75	39,77
96,77	39,84
96,80	39,90
96,82	39,95
96,84	40,03
96,87	40,10
96,89	40,16
96,92	40,21
96,94	40,29
96,97	40,37
96,99	40,42
97,02	40,48
97,04	40,55
97,06	40,63
97,09	40,69
97,11	40,75
97,14	40,82
97,16	40,90
97,19	40,95
97,21	41,01
97,24	41,08
97,26	41,16
97,28	41,20
97,31	41,25
97,33	41,33
97,36	41,41
97,38	41,47
97,41	41,51
97,43	41,60
97,46	41,68
97,48	41,73
97,50	41,79
97,53	41,88
97,55	41,96
97,58	42,01
97,60	42,07
97,63	42,15
97,65	42,24
97,68	42,28
97,70	42,34
97,72	42,42
97,75	42,49
97,77	42,55
97,80	42,61
97,82	42,69
97,85	42,77
97,87	42,83
97,89	42,89
97,92	42,96
97,94	43,03
97,97	43,09
97,99	43,15
98,02	43,21
98,04	43,28
98,07	43,33
98,09	43,39
98,11	43,47
98,14	43,54
98,16	43,60
98,19	43,66
98,21	43,73
98,24	43,80
98,26	43,85
98,29	43,92
98,31	43,99
98,33	44,06
98,36	44,11
98,38	44,18
98,41	44,26
98,43	44,31
98,46	44,36
98,48	44,43
98,51	44,50
98,53	44,55
98,55	44,61
98,58	44,69
98,60	44,76
98,63	44,82
98,65	44,88
98,68	44,96
98,70	45,03
98,73	45,08
98,75	45,14
98,77	45,20
98,80	45,28
98,82	45,33
98,85	45,38
98,87	45,46
98,90	45,53
98,92	45,57
98,94	45,63
98,97	45,71
98,99	45,78
99,02	45,83
99,04	45,88
99,07	45,95
99,09	46,02
99,12	46,05
99,14	46,11
99,16	46,16
99,19	46,21
99,21	46,24
99,24	46,26
99,26	46,32
99,29	46,36
99,31	46,38
99,34	46,40
99,36	46,44
99,38	46,49
99,41	46,49
99,43	46,51
99,46	46,54
99,48	46,57
99,51	46,57
99,53	46,58
99,56	46,60
99,58	46,62
99,60	46,60
99,63	46,57
99,65	46,57
99,68	46,57
99,70	46,54
99,73	46,51
99,75	46,51
99,78	46,51
99,80	46,48
99,82	46,45
99,85	46,45
99,87	46,45
99,90	46,43
